Antes del corte muones
First 10 rows:
       pdg         pt       eta       phi      mass           eff_value  detected
N  id                                                                            
2  0    13  16.325218 -0.947524 -1.605989  0.105660  0.9121399742585442      True
   1    13  14.208622  0.555409 -0.421747  0.105660  0.8941380026216722      True
3  0    11  67.747314 -0.770964 -2.828751  0.000511            0.963294      True
   1    13  29.753563 -2.028440 -0.872565  0.105660  0.9636090579181973      True
   2    13  22.908493 -1.126706 -0.462755  0.105660  0.9467596473389582      True
5  0    13  64.515190  0.458875  0.694513  0.105660  0.9773497405040128      True
   1    13  23.969763 -0.059296 -1.009648  0.105660  0.9510570361015328      True
7  0    11  95.132423 -0.594675  3.041877  0.000511            0.984706      True
10 0    13  30.362999 -0.907762  0.742919  0.105660  0.9642564625126618      True
11 0    13  26.109795  0.043946  0.077237  0.105660    0.95778336700488      True

Antes del corte jets
First 10 rows:
              pt       eta       phi
N id                                
0 0    67.659721 -0.833777  2.154794
  1    67.428444 -1.279945 -1.674465
  2    52.071724 -1.536775  0.012443
  3    41.475395 -1.366203  0.632683
  4    28.978317 -2.658585 -1.658495
  5    26.710215 -2.864682 -2.781403
1 0   159.781662  0.157826 -0.690682
  1   123.117043  0.275414  2.755429
  2   111.696304 -3.201741 -2.276222
  3    96.477501  0.290613  1.231292

Despues del corte muones
First 10 rows:
       pdg         pt       eta       phi      mass           eff_value  detected  mu_iso_j
N  id                                                                                      
2  1    13  14.208622  0.555409 -0.421747  0.105660  0.8941380026216722      True       0.0
3  0    11  67.747314 -0.770964 -2.828751  0.000511            0.963294      True       NaN
7  0    11  95.132423 -0.594675  3.041877  0.000511            0.984706      True       NaN
12 0    11  86.727669 -0.721627  2.274827  0.000511            0.973765      True       NaN
   1    11  19.079348 -0.223991  1.291692  0.000511            0.794118      True       NaN
15 0    11  22.808172  0.824540  0.957434  0.000511            0.827176      True       NaN
17 0    11  31.410418  1.585313  0.223220  0.000511                0.87      True       NaN
   1    11  12.536915  1.106985 -2.779833  0.000511            0.858588      True       NaN
19 0    11  30.220055  0.732657  3.003672  0.000511                 0.9      True       NaN
20 0    11  15.470686  1.289839  2.109219  0.000511            0.758824      True       NaN

Last 10 rows:
         pdg         pt       eta       phi      mass           eff_value  detected  mu_iso_j
N    id                                                                                      
9981 0    11  31.390192 -0.571146  0.807216  0.000511                 0.9      True       NaN
9983 0    13  12.216678  1.529996 -2.040038  0.105660  0.8734352474495646      True       0.0
9988 0    11  50.799641 -0.023897  0.700644  0.000511            0.921176      True       NaN
9991 0    11  56.196644 -0.832519  0.066212  0.000511            0.931765      True       NaN
9992 1    11  48.180653  0.157712  2.604783  0.000511            0.942353      True       NaN
     2    11  18.401491  0.508967 -2.773399  0.000511            0.794118      True       NaN
9995 1    11  18.198248  0.032197  1.732336  0.000511                0.75      True       NaN
9996 0    11  73.726685 -1.098375 -1.071017  0.000511            0.952471      True       NaN
     2    13  11.731517 -1.376125  0.649932  0.105660   0.867417420700114      True       0.0
9997 0    11  26.359762  1.334255  0.887547  0.000511            0.839765      True       NaN
Despues del corte jets
First 10 rows:
              pt       eta       phi
N id                                
0 0    67.659721 -0.833777  2.154794
  1    67.428444 -1.279945 -1.674465
  2    52.071724 -1.536775  0.012443
  3    41.475395 -1.366203  0.632683
  4    28.978317 -2.658585 -1.658495
  5    26.710215 -2.864682 -2.781403
1 0   159.781662  0.157826 -0.690682
  1   123.117043  0.275414  2.755429
  2   111.696304 -3.201741 -2.276222
  3    96.477501  0.290613  1.231292

Last 10 rows:
                 pt       eta       phi
N    id                                
9998 4    64.984123 -1.616076  1.065688
     5    39.865986 -1.222147  1.427212
     6    30.135071  1.209667 -1.686773
9999 0   109.614868  1.605808 -1.124299
     1    86.201447  1.138780 -0.547156
     2    78.740692 -0.166005  2.083753
     3    78.254341  0.393385 -1.188286
     4    35.111664  0.856138  1.631960
     5    34.126049  1.553675  1.187261
     6    32.984024  1.853752  2.960270

