2.14628976520693e-12
0.02032628021535135
5.240787624115239e-10
1.80957421267723e-12
0.0018423665283853028
0.00023800200700222697
6.366553280491491e-13
0.0002897614828251558
2.116947196498258e-11
0.0030641341238795425
0.011494348334732476
0.0008191514389281028
0.009564179144120735
5.1661750387372863e-11
1.782316482492743e-10
3.2299705136802693e-10
0.0024172610253519466
1.9876886963281123e-11
0.0070359680541492026
0.004000244392694934
0.0014538454112076563
0.0017555158607574688
3.729423302833684e-12
1.3280569075964595e-12
0.020698698830362853
4.2592111021507015e-11
1.1848126038932964e-11
0.020567975710632937
0.010737167568956898
1.0093992808988941e-11
0.0010220381058873259
3.585516622062692e-10
0.0022831635292513983
3.92235315683935e-12
7.218081374401165e-06
0.008471411495664069
2.434655393495191e-12
0.025127247520514033
6.0474487516559244e-12
0.0035529296120153935
0.0019857248182939395
4.770239057560937e-13
0.0002713448586777775
0.005250064316044931
5.852215890784332e-13
0.0006064143556024993
1.1411560687064152e-12
0.014321183857584279
1.4376445219313664e-12
0.024770916318707904
0.013762969426128159
0.011557770975157831
0.0006850308875080446
1.6384151324811505e-12
0.009914205327507569
7.554248942113998e-11
0.002072212237289593
0.00016685484796052759
0.0003660669853976427
0.0004624723950030427
0.009418984369920403
0.01828250259436291
3.0320804164827554e-13
0.00101747782808074
0.0016056788556635454
1.092982864954506e-13
2.9913424997009557e-13
0.0008797499821035851
0.003154824310674976
2.587564548705074e-12
0.004195997743013409
0.004872614628013257
0.000913792893038902
2.139727231113465e-13
0.006015059696354692
4.099886054769655e-11
0.010764553374515942
0.003672775234024053
4.511689038353993e-13
0.0024562861634163163
8.657940904548018e-10
0.011813217302362877
2.0938483500944047e-11
6.819554107893391e-12
0.010338705504590762
0.007425491954038321
0.013655894840389225
7.159221540075372e-14
0.0001384440127145239
0.0001516684372084407
0.007981986247719045
0.0007852746287301399
3.754315051680079e-12
1.4697231836683066e-10
1.1553207804290828e-13
9.523966174369069e-05
0.0051515557749522755
0.00039718569940063944
0.0003375683019072505
0.00026843036057746383
0.0049470927566697635
1.1017303974603225e-11
0.0022980306121718947
0.005224288215324473
0.0006133865750685756
0.0010207570612568938
4.076939757236461e-12
0.0015192556030862937
0.00039161410052162687
0.000359050083604928
7.757539645070368e-12
3.472778095143429e-13
0.028375811289846713
0.009966423724487068
4.997997007380395e-12
6.731576815710142e-11
0.014439912843402519
0.00037813990824894734
3.508754940168044e-11
9.837319413452e-12
0.0005021465182734452
2.850976133813771e-13
1.7733232206614543e-12
1.4952455551916303e-12
0.04981732129135893
0.013439247533284432
1.2489013508513174e-13
0.006839019868833084
1.2459663167114706e-12
0.012792579635008614
0.003038154556939823
2.7037357044075413e-12
9.98436014768243e-12
0.09074170242906993
1.0971877788775439e-11
0.005186465634378522
0.024865486146678176
7.007516716937505e-14
0.00012216952486440014
0.0014199874403306098
0.0018452777024990752
1.7741221053980953e-11
0.0026410761773456035
9.093748586011123e-13
0.010007768437040042
3.159165697885163e-12
6.210611802319386e-11
0.03323232057607358
6.569342688705109e-12
0.005679570963764604
2.8460102786016696e-10
0.0017437443013811138
4.304242534428838e-11
0.00025933823081539947
8.028277027546644e-13
0.0016241209280899367
2.563448574127399e-13
0.00499639060923047
0.0005927440025448415
3.1351396986275554e-13
1.3926187307663832e-10
0.09615973897449309
4.645986667794192e-13
0.003373781524163227
1.0103724488775027e-11
7.16566039317572e-11
0.0023908715511752484
0.0005651969516344944
1.574419646421115e-12
0.006359177884633122
0.004593406245203561
0.0021606490875453977
4.347432787504572e-13
2.3761690155961e-05
2.4349766110757043e-12
0.01568914371239645
5.155543371877151e-12
0.0008177724718423451
0.0006457473204423649
0.008315214769151483
2.848255574312587e-12
2.571478967813362e-11
0.002899035461412352
5.881537009665917e-12
0.010354732467737817
0.006205571413034393
0.029169496140966318
0.003115632994735752
0.0005514055693731601
0.010970130151323795
1.7311095509807412e-12
0.022547526166413163
6.101782901107106e-12
3.838896618620168e-12
0.007050031763139333
0.0013487123972706504
0.0008365457687382049
0.006613976075781708
2.9435693222896203e-11
0.0003273905170921956
0.0018598532268461654
6.937343829885402e-13
0.008381868293039893
1.2433742412252822e-12
2.5280212635351388e-11
0.0008259523957366012
0.0009283981985412883
2.3894247332896502e-14
0.004204442724499495
0.001302615775902411
0.013373618897539819
4.1498630557032256e-05
0.007569836263825366
3.028130732367179e-11
0.0012704177102605921
6.022022170536577e-14
8.978148673187845e-05
1.6235507441975563e-12
3.823157727888738e-10
0.0008554192774740373
0.0002662796586045309
0.005974501225154456
0.005710054327642442
7.478133161314767e-12
5.314390747498318e-11
2.9115976019073433e-13
1.6157064559777508e-05
9.164293011421795e-13
0.0006157883541893618
1.2544109653476745e-11
0.0013272321729736396
0.00765769842785857
1.0861480232825582e-12
6.86448684799057e-12
9.607964767266934e-12
0.00044288288808425085
2.760715489586009e-11
3.166046640528568e-12
0.00020719902882316115
1.4192856867960405e-05
3.9865157768476606e-14
0.0004550387093285511
0.0006477919177033428
0.005286300037152014
4.908126417254138e-10
0.02205735996496454
0.02141984655061737
5.0581409851587265e-12
0.0013531191250896783
2.3847484633263332e-11
7.1706612258573185e-12
0.021106583979669323
2.3252672023893308e-11
0.008058549152123699
0.0003705690277978176
0.0009668319797179925
0.004248651786659515
2.217551265945802e-10
6.447222660278178e-12
0.005385085797360519
0.0009180431605829245
4.2565195396204366e-12
6.234683953990037e-12
0.00710757397924862
0.00023070901193234447
0.001692355837100556
0.0036377080148334608
7.080561893124479e-13
1.2723465711144879e-12
0.001350046201396261
0.00015580377735269983
0.00035199188556989515
2.772799959701108e-14
0.021364610978942062
0.002097139298732373
2.921488582062853e-12
0.0056906403868367825
0.0019256231816185071
2.688589199313954e-05
0.0035088208617057035
1.354555623148774e-10
1.0354893496322381e-05
0.003299883547116694
0.006783424123618842
0.004174917289010747
3.0912098296793894e-12
0.00886708436604888
1.0497268570672663e-10
0.021347699370528214
1.7340440590123501e-12
3.5814059382089105e-14
0.00026288404244663254
0.0009868169243243661
0.00022414326745429281
0.0004504427773932316
0.003653596760077511
0.057749987927474586
0.0008068596160538763
0.000535351641285407
0.000508606568255181
0.014310903349580626
0.0049380903181823225
0.02916870994351045
0.02326533506327261
3.827419544791493e-11
0.0032354519647837866
5.07811620989456e-11
0.0018078549239040314
4.489147294847653e-13
0.0006577069464841567
4.542105635083578e-11
0.0030638592093885295
1.739044354369735e-11
0.00041633111617654737
0.0026584960592851096
1.0238844507008105e-11
2.0344515598822284e-12
0.010513224930236166
0.01225411394038651
3.250107304796199e-10
0.00015445565124920545
1.8747269218213635e-11
0.0017567781091313238
4.044180750971503e-12
1.4208083450311928e-16
1.1096746407825721e-11
7.973851241133483e-13
0.035832240257386926
0.00437460392021909
0.09641173359253578
6.14967056680416e-09
0.0001124517995408363
8.096032456908979e-13
0.011607814663814607
0.0002613721498913629
0.00039196192690542624
2.598053320650408e-13
0.0004992680380777945
9.3257124044094e-12
1.4693696175365927e-13
0.0004351395921427785
0.009174074448594664
0.0006219594665855105
9.525118037786338e-12
0.0037354361437074855
0.0006584522972219219
0.004026689636557085
0.00021215715180310997
1.2025569520054385e-12
0.0027363006002196545
1.830689640718077e-12
0.0028828476499212475
0.004696539184015676
1.8731762851983013e-10
8.929037289027407e-05
0.0002649811062101962
0.003462412748951786
0.09222787794139375
3.981259415299524e-11
0.00046938793495983496
0.0011963067037532803
0.012908883887307928
4.471921249170103e-12
0.007007704286270748
0.00902412155354484
0.0023364819831528634
0.016502164325285056
1.771204990043128e-11
0.012715361935697353
0.005127697833783914
0.007858454895936378
3.0066644239712774e-11
8.216011443534901e-13
0.0008501445253045809
0.0021715841818842614
6.338645271270208e-13
0.00047176440992919796
0.049325417287271925
0.0008137070874614252
0.0006851037691298768
4.399975720981801e-12
0.00010995273024794539
6.310565025832644e-13
7.444587309571681e-12
0.003508853092727741
0.004372184755312978
0.03015087965661523
5.5381111306836714e-12
0.00012031318811505917
0.11769429460605654
7.773018996611524e-05
1.3516482776231105e-12
0.0028751099896713755
0.0031380701686882346
2.684031371753537e-12
0.004494326224981587
3.4232913384512306e-11
0.0002868679114933283
0.018148549143668462
7.786053857689219e-11
2.285848845400672e-11
1.27177902127438e-12
0.004855756635094259
2.506236984208132e-12
6.70974421618619e-11
2.889227900769202e-11
0.020530040413893044
0.0002776477245660996
0.014615522531896191
1.3614903637601809e-11
0.010634508430426211
1.881479205184595e-09
0.0010252782774989476
0.0021391674289854743
1.1405412202503517e-12
0.005354886525343673
0.08776448863221821
0.00016095814871602628
2.39850311554626e-12
0.001727439864220486
3.635406323898208e-12
0.0047585394603409025
0.030277233632568228
0.002103910178011082
3.4596035873825685e-13
0.004023560696752706
0.00014206516823967848
0.012961153458986437
1.6271944871705475e-05
1.0606509147182845e-11
6.983584150035616e-12
0.017158618259874126
7.664746637588199e-05
2.625323601937174e-10
1.5728113712938173e-12
1.948154832084913e-11
0.004280458631797802
0.00031235413407645625
0.025003526268686155
1.1065580804677946e-10
0.0029150874267835506
0.0017127887810979598
0.009155711887217812
8.541154501486065e-13
0.024926772468668694
3.6096726076351e-12
0.0012029752583168625
0.0025129848139789773
1.2569401696136405e-14
0.0020009429282621875
0.0012824692892594695
0.0031035214019993597
1.0314571259811396e-10
4.092335866143274e-13
0.010730855273609003
0.0020663515070805496
1.0424917041391289e-12
0.01957991091828051
0.004487068672940696
3.167721604207367e-13
0.00780902941312802
0.00031423243960347673
4.213419183955329e-12
0.018057636234623697
6.178594400098199e-11
4.5859939402478334e-14
0.0004895213403962952
0.0005020685445444194
5.166279921491926e-12
1.8401603786856865e-10
0.0237131867794011
5.848343489411061e-11
0.004096613954314872
1.1569936952466159e-11
1.0241268234458475e-10
7.267560309542596e-11
9.004675389364351e-14
0.0004236701206741542
2.5207190965352183e-11
3.941126783622586e-12
2.9908761101349053e-13
0.002212973335198608
0.0004842946557615718
8.548926362522585e-11
0.0008496502642296706
3.4709307345276974e-12
1.9842331784481166e-11
7.260096794090872e-05
2.1938245319594387e-12
0.0064697625790078135
6.865451617606882e-05
0.011028753115744788
0.0021203433596123982
1.186782766317804e-12
0.0003104130036381041
8.238620597763085e-05
0.00014391176361610463
0.003438224041230903
7.911332794843661e-13
0.004499132178121777
0.03635444896127258
2.6509466354594116e-13
6.253161592886671e-14
0.00025665413249019935
0.0021459693178081133
2.709812285529273e-13
0.0036370567026445936
0.0007413616865636049
0.0053269480343571774
2.748115001381796e-12
3.929399007519391e-11
0.004136794143486148
8.036611335018658e-12
0.022326143460638152
1.280254194692493e-12
0.0016644329768023905
1.5920941583970843e-12
0.010343027782691935
0.0003542488465436723
0.0001715671964731058
0.0031070083770134787
1.3429887191686722e-11
0.005070638900606633
2.2817120391102556e-13
0.002337073043103591
0.0009490855898666701
5.8926522905334155e-06
4.2281346915300675e-12
4.1941635241796276e-05
0.011634810170866119
1.3092894676898763e-14
0.00022255538177777683
9.784152979529473e-14
0.0003741587240803834
8.241093029296385e-12
0.03176551734895298
0.004023591648074415
5.467644050469526e-12
0.015016636020414552
1.8244407162383967e-13
0.0020660979831326654
0.0034310863269261917
0.060829282499288956
0.002626752089838006
1.770029237753192e-12
0.0024520886837226387
0.00023793789296550075
1.887549737997661e-12
4.990283801376622e-05
0.015811068641959865
1.880797534109867e-11
0.005752031132410408
2.4008303681620762e-05
1.7252064601053251e-12
0.0045579477997956626
2.451816050961017e-11
0.005351651151355039
0.003968253847402057
2.6759666979705407e-10
0.0003572626685514275
0.00047177221267518223
0.0028524734367562582
3.649436362442684e-12
0.007471009452922646
7.458757598108943e-12
0.0005913673045325061
0.005848083217201911
0.03247697583436158
2.1180956877088958e-10
7.67876797268595e-05
4.176914752207709e-12
6.049747760141794e-12
0.01001949037838424
5.699218126877048e-11
0.0009896496608735028
0.00012882027578602556
3.2534127529570046e-12
0.01116089179982608
4.0374485728323356e-12
0.02208090212454907
3.6348977988769156e-07
3.848284032364112e-11
4.0666479308903473e-05
0.0008808527215551363
0.004325678783198938
0.0021769796996219722
0.0002295229274421028
0.0064735390974535595
0.0006005663332209551
0.0254702457386082
4.045025445356944e-11
0.00014403813306259654
0.005656990263244412
3.1434495581153504e-14
0.0010860609845297238
8.821862639970883e-11
0.031230747292389276
9.89670205962889e-12
0.0024190540814936125
1.6854338465103334e-12
0.0006415482256646324
0.0012191706243786238
8.253071158127338e-12
2.7446063917822764e-05
0.00020993097999433708
0.008665560039057758
0.0026405714327079424
0.0005554477108439039
0.0006142373738879161
0.000564938333870342
0.0008086799431032234
0.005165449558556172
1.4434380730167869e-11
1.7311448599374308e-12
1.0206310269986116e-10
7.618179961160039e-10
1.277058438852358e-12
0.0012585811369574438
0.0004462745450922881
0.010686578254889249
0.006018797078016585
5.961416713264778e-11
0.0007639887675618735
2.795615443758881e-12
0.0017930739673211152
5.931265551998788e-12
0.00011268262674430906
1.2252393580577303e-11
4.5427176930323416e-12
0.002388911627177982
0.004042842439242806
0.00011809926218109039
1.0280332057650807e-11
8.50194350883333e-13
0.007105873432221095
3.258629157086239e-10
4.01195039623043e-05
1.963231215057224e-12
0.002373809764543275
2.640694634844171e-12
0.0010215052526985078
0.00503863147539772
0.002351179993500249
6.161480629202014e-10
0.0010825364425867967
0.00030466806924872277
4.653088678757182e-13
1.6107395452027776e-12
0.004630406083751349
1.7181327409071029e-12
0.0009843366462008165
0.00010360300321386096
9.979509678245702e-13
7.047376076886742e-05
0.00022007839790483125
7.463195468428022e-11
6.543227119641246e-12
0.005348944832016436
0.00023584957215704364
1.9501762395854736e-11
0.016012205266193638
4.691428856389005e-13
0.010529932344608037
4.056158942171368e-12
5.962640816100677e-13
0.0024258261197656933
0.020378260504454924
4.1126380859439786e-11
0.011806656564026454
0.00042631119758288486
2.507750160101586e-14
1.0020718498723602e-05
0.0003287254605517015
4.551561459759278e-13
1.5501646116857869e-12
0.006575651730853768
0.005660179293321131
1.1115335039867967e-12
0.0001990445318798898
3.6046712094616086e-12
0.006698375426724097
8.087917588065903e-05
6.80122148586008e-14
0.00017838802469860652
0.012800604229826998
2.3158467245938586e-12
0.0016943437533127007
0.0011333445357429284
2.9450025895793482e-12
4.258417218341914e-11
0.0024727631646212023
0.015646198854664232
0.005738328092859192
0.01685270533275986
1.4804691333915189e-12
0.00811910233588784
1.060056209530336e-12
0.02344673220051796
0.0041907240607225865
0.00017890065910622187
0.029424900903499595
0.00257428597656376
0.0004069763263581846
0.009143853704411021
5.229604409282823e-12
7.294794816497754e-12
7.319347898311898e-13
0.0005818466827514114
0.000624307401030129
0.0023187636415532837
8.076209555804951e-13
0.014455571081801523
0.01612003365217121
6.507533163413619e-05
8.59650158099701e-05
1.602596976074671e-13
0.000543508984033933
0.0008231519747724194
0.001426118029132381
5.279545117689097e-13
0.00021059693831365254
0.0013503049565295954
0.004836643222264278
0.0010053032493653638
0.005814983548921711
0.0004274639828696525
0.0048224297931283395
3.182801358023705e-11
3.0082340191590885e-13
0.00015423372087476002
7.093770691255762e-14
0.0033609706330422796
2.7425636005333837e-12
4.9274242394002754e-12
0.010498898745599184
0.003731522017821352
0.015164442768771077
0.0022839261339230184
4.031648565777838e-13
0.0006974695738436357
0.0029476327652327226
0.044591883134595715
0.0037720377544272275
8.231655197248609e-05
0.00033509066898973895
3.3402323493428615e-11
0.04258330014553203
0.0002805964166604415
1.3089926684701564e-11
0.0061556904841563115
0.0008991290115859889
4.994107809879195e-11
9.291937179035882e-13
0.00881828251804474
1.1401651065646908e-13
0.00015287312819375917
1.1170752771171906e-11
0.03297807367607443
7.588835461170542e-13
3.927201577291695e-06
0.004795706661386757
1.8696170195776658e-11
0.0009658680816578977
3.7081621696975865e-11
9.780389533469385e-05
0.0038449386170434424
0.00016475401544879185
0.012910615565786474
2.1184846806679663e-12
2.0712577668407594e-09
7.513593748266952e-15
0.0001359341610290521
0.007997338878871661
6.074545562457744e-14
3.3011244465457803e-12
5.356254545017914e-13
0.0205728983690141
0.018594309143578288
4.943722229654895e-05
0.0006716627415303569
5.298777588595456e-11
0.014747485310613357
0.0006386496384729961
1.5982090241124786e-12
0.0003405826693631193
0.00022411911508858713
0.0004929419111002042
0.00016318025573038939
0.0014990326667269447
4.966568873314662e-13
0.008882701926912248
0.0011253275031426117
5.7875921775043925e-11
0.018096124303525665
1.2121736549423418e-10
0.0041750047138948004
1.8614747699285602e-11
2.151582139175617e-14
0.0003332482113074465
0.001288862644724872
2.146269022819109e-10
0.010908837550092995
6.231706139299182e-11
0.0007612115686468359
0.0013818293130253767
1.5328154487639077e-12
0.0003276923712622977
3.661402685272127e-12
0.006675000354951798
0.001261241557641481
0.01581906002309188
0.0010851289112140169
3.7858662637448155e-11
2.659665841458414e-05
0.004702394493852462
3.1012828201032607e-12
5.317889113725549e-11
0.007948059196253363
4.395393509138116e-11
0.0018385844539138088
1.3008083060615406e-10
5.8686387235980185e-12
0.008792584652401009
0.0004028065287232519
0.0007335420012863813
7.533113648176048e-05
3.259076336252956e-12
0.0004795344972649789
1.1289057633850546e-12
0.015648477588434163
2.5428830335019625e-05
2.2888420211993872e-15
9.580548822720124e-11
2.8131038664307477e-09
0.0001057077694528431
3.729074609422415e-05
0.009431844228274333
0.0026834769281463226
5.001298522975631e-10
9.643309407419324e-13
0.00022565145068779698
0.020052013719630626
0.008997234480146603
5.132421923183591e-12
1.0986227319984637e-12
3.452534266462932e-11
0.03325558385381851
6.428785398209596e-12
0.008027141608336483
1.0157370684039176e-11
0.08990426840703657
1.9299076435592259e-13
0.0029376801386110864
0.026944508207035298
0.0007738181868367368
6.3531487558981e-13
0.013727627855710032
1.436205994322021e-12
0.003184466656476344
9.498649231227172e-12
0.005854332804216915
4.354000664387249e-12
9.920464939223197e-05
0.0338176817957623
0.0034873781179864992
0.0017375618418810424
0.0003916411806312878
0.0009386157260134687
1.083037513409765e-12
7.628546018482988e-12
7.150315853967018e-12
1.0578902328368026e-10
3.7886433675310164e-05
5.052219251373696e-13
0.1372370618309709
2.1726253085405417e-09
0.0379284386563123
0.00045243745733314914
9.31004723731102e-13
0.0034012909886775786
0.0006376988122116621
2.5358872601993058e-11
1.2403202183888695e-11
8.339159255128503e-12
0.011089812985292682
0.0012620264212061785
1.3885739624033226e-10
0.0039766850584094056
1.9467694378627367e-05
2.807751167965466e-13
0.0013874124872359154
0.00014166981248391432
1.7676385435542067e-12
0.011267435175074376
6.650114154439237e-10
0.0006036964399201888
2.78461275127555e-12
0.006904339247580213
0.009998228305662974
0.00013065031068242846
2.1442557143248917e-11
0.02262651395832659
8.612675330683727e-13
0.0035663608421705453
8.788082114680239e-11
0.0018412845151132436
0.0004429090385040928
0.0059947310234963
1.5782646371564563e-13
0.0011016972136948706
0.002398563766796686
0.021991966473669668
0.002772693968692215
0.007711221010237086
1.329072080604584e-13
1.7660819862964575e-12
2.441832073103618e-13
8.544705997458172e-13
0.00019860318609270794
0.004259251139712208
4.5855998003774775e-10
0.0002507265371706894
7.226328636183482e-13
4.0254016797206135e-12
0.005654519707659055
5.516771960165857e-13
0.0010350399643331714
8.356715818587393e-13
0.006953253458612108
2.6843312019999216e-12
0.01086170686974811
0.002650029374541803
5.365446687682663e-12
0.0026647812446876124
0.00646812315660863
4.066095074169986e-12
1.7695201098850852e-11
5.081619417407951e-10
0.00023409548413480863
0.005052072034472511
4.67340544391627e-12
0.0009072881269342405
0.0033521360161530836
0.006123594277972129
1.1538801897085755e-13
0.0006822624944297966
3.4588691327898503e-12
0.0015400361085381668
0.007543074512694467
0.009486477522330507
3.830162656957208e-12
0.0024841067588643544
3.3329998112296226e-14
6.036087941546306e-12
0.0029236335160974765
7.39823260940036e-12
0.003391936816509557
6.187479893516498e-11
2.4419186327221367e-12
0.0007026001059299116
0.006582075702195219
6.984015014458429e-12
0.0005106796395652349
0.0003263093082936141
1.836216893689574e-12
1.739668197764477e-05
0.00018612701928568428
1.4020927163334594e-12
0.004230715401326728
0.00034681491517833847
0.003434434747629346
2.657492838911939e-12
0.0002538059783046238
0.007564771012969637
1.3794708562484972e-10
3.023902127065601e-11
0.006750752252025832
2.1844133136368356e-12
0.013760473784517285
0.00017994179143804968
1.7240995699997975e-12
0.0008352165050513269
4.07258784734137e-12
0.01009757131239226
5.746703949022369e-11
0.0008296574137221821
1.2555629474550159e-11
2.956507220219782e-12
0.011516925101611997
0.0010210299928761742
0.001517967583877881
7.626845069988782e-13
0.00019540164095330293
0.006129576694020039
0.01023991259622016
0.002605508032416729
0.06985241669769363
1.0799294075737315e-10
0.0015470461697449592
7.188902465419094e-11
0.03913898014905274
6.285403735419125e-05
0.002367532237097634
2.7530081221536764e-11
0.0004055763093674782
7.040328560588783e-13
0.00012844137449427394
4.0124250754495746e-13
0.003281258228722757
0.0011458320628888123
1.93630388517809e-14
0.002971352990317441
0.0002420916143912263
0.00046336247482187695
1.315626463583832e-11
5.437511529415636e-12
8.184344520543732e-12
1.3468569769528218e-12
0.0006741236401411189
0.00020976024645095768
1.7086252361424242e-12
0.0020377594857782003
6.34759781736134e-12
0.002121590509725877
0.0031629033811747535
3.1153026326565994e-11
1.588659511368115e-11
0.005282075663964745
1.9456997818562022e-11
0.003565640128843612
0.0006336406880971781
2.2767021024221585e-11
1.2381581110202644e-11
3.6510501025546797e-13
0.0031420505028715564
2.9635574679149906e-12
2.67237916384585e-11
2.0029534679923303e-11
1.3922048405488987e-11
0.00011211288506256946
2.2929495911605723e-12
0.0020840756662206276
2.8638569403071673e-11
1.8059775586834293e-11
0.00022351383572317895
2.6008439891517504e-12
0.010015177842020934
0.0006911936350207977
0.00010085294976722109
0.00017802058315565645
2.3920099108764666e-12
0.008823123173800724
1.6386950850777785e-13
1.5356901815408763e-11
0.0005042027852823006
0.000293645642876398
1.65266196822412e-11
0.00020167141596908839
0.00015765155390547249
0.06540728416721128
0.0002818725943869118
0.00039162964630649183
0.0010401612564913244
3.4369029047598954e-12
0.0003317568532938601
3.617073903217243e-10
1.653167625480401e-13
0.0012709894915154426
4.274489680540468e-12
0.0011825294561023639
0.003554456883154566
9.79440703327433e-12
2.8934166038283074e-11
0.0004958984883211928
5.777158262918893e-06
0.035855812907323606
7.630955350421084e-14
0.00012765352395953378
0.0059992625823852555
0.061831040927727766
0.004582597912474886
0.0013222931160120077
0.03681104717567808
7.748681102720771e-05
0.10562188511833308
1.5506633410664788e-12
0.010100069645044311
1.3888882860951105e-13
0.00041465695684439827
3.784332970079078e-12
9.824681579879934e-05
0.006700645518059991
0.0008411708259162606
9.094803545115068e-13
5.990357223339424e-13
0.0012739536860014926
0.013689842168987469
2.454084186749826e-11
0.00156088349890674
3.5370150503295086e-13
0.00018721848530866279
7.909968308490321e-11
0.0011132107712002847
0.0017934488705664644
7.2340528118241654e-12
0.03586453413011745
1.84939242319485e-12
0.0014275696123176797
0.007438998655240519
0.0031871963239271804
2.154616031882546e-12
1.209949281145509e-11
0.022205072092021792
0.001499384501726404
3.9910398264069856e-12
0.005935980658953726
0.005408812680564474
4.009322603877179e-12
0.0013012337766354516
2.8334629825595258e-14
4.280335355218736e-12
0.010258059079185252
1.5803546926695118e-12
1.2080402636991491e-08
0.0030019403263610526
2.5172922529971057e-12
0.004200684322426395
0.015990685295406544
0.0005349713555717725
3.3924296228015705e-12
0.0017239975337996322
6.3336927470492e-14
0.0006387964927458747
0.004982776670014997
2.3434079775868385e-11
0.008840210803850633
3.168020085799346e-11
4.792786406622617e-13
9.606332885574408e-13
0.00623368932002723
2.0308431651630745e-12
0.0008628421872027259
4.3941562892554794e-12
0.0038270884760405063
9.510889825130975e-13
0.003973478101598745
0.004005199261131828
1.6524696513498149e-12
0.0012198944941736434
3.0351010641535507e-12
1.8848788838906818e-10
0.009481918622098986
0.0025751722714491836
0.013405023129759564
0.002530822890110672
0.033207941592639366
0.005777750106986597
1.809928904412652e-11
0.005761921542407119
0.000818944484004203
0.00861930560472217
0.0030653952449032507
2.594216198852478e-11
2.621496472649464e-13
0.0007439607991281157
8.321007910485621e-12
0.0018866424506991876
1.5336045158755904e-12
0.011064572919358215
6.411377186285003e-11
1.612630917218902e-11
0.002449776230264241
6.361541256284122e-13
0.0025608314227762493
0.0007850930741449042
0.011693652018703241
0.00030149020913353077
1.666140740088719e-12
4.8750833571688505e-11
0.0005156028478336521
0.017900681510204706
2.2335576143294965e-11
0.0700000616163745
2.1524800130053747e-10
4.390549054924187e-13
0.0019211409429237222
4.740219642886206e-13
2.0386689478820033e-11
0.01002052999057536
1.0187012130239767e-11
0.01518258263827735
0.006132512841633132
0.0011747118994400317
7.585066545110527e-13
0.0012958912204671963
0.0357935519018804
3.561484367746447e-12
0.014439671771407425
0.0001162884673167207
0.036987339865676185
0.0002966999489247535
9.191417757236462e-13
0.00010028579131612816
2.425352065037619e-12
0.002257161550662316
2.893934375323218e-13
0.0017718736109534959
0.03257055191497427
5.598953437937431e-11
2.872712477341423e-12
0.005202297385035243
0.0019386389970797555
3.605058376556516e-12
0.0268012228809455
6.6322783762326235e-12
2.281168529054046e-13
0.0008525523852064156
0.03652224791496884
3.0963000937162484e-10
0.00011497696233881105
4.5268031773197465e-13
0.018373951616945362
0.004747918713051255
2.503029038234125e-11
0.0010022967701142239
0.000342739628613174
0.022843477856577806
6.550913374967893e-11
4.783836568894055e-12
0.013636629470489471
4.529912510880561e-12
0.0010202732958901311
6.040446024757744e-11
2.5359558312128065e-05
0.0021659087214574916
0.010239486762777288
4.377620231648631e-11
0.01781530085813185
0.0009195211068440789
0.0019483372576044008
0.0040950738327761
1.3534242809133008e-15
0.002173285903814866
2.2581096517190224e-12
9.131308547860513e-12
0.003368427097671289
1.4863062876324818e-12
0.014824237813192856
9.353200202908243e-13
0.01556297587650893
1.2591934933723976e-14
0.0002824996352619544
1.7771667363471384e-11
2.621569578122506e-11
2.207654858808196e-09
0.0009501144783638419
0.0023004241715464603
0.024037913455117868
0.0005752653606421318
3.185672931897477e-05
1.10381761614719e-11
0.09225396444294705
3.3475163831926082e-12
0.002629470372416527
9.304584953052702e-13
0.0012803996075131494
5.073254875819157e-12
0.00041711853903260985
3.930810409280594e-13
0.0007254360813118749
0.004646630096533882
8.381346689646387e-12
1.3310402097719372e-12
0.016145894839061304
7.28715220725857e-12
0.015771884693329383
0.03427580747893195
8.041784797222359e-11
3.524539328742623e-12
0.0016709903503639271
9.118416976280924e-13
0.01749588608115603
5.077708655255827e-12
0.0002492767201652562
0.01220025740566906
1.8281004204313083e-11
0.00652517273907656
0.00022792200633515942
1.3397947043350262e-12
0.0008283069353474335
1.3176061132879807e-12
4.227754377035304e-12
0.00729939565286034
4.746138965220155e-13
1.8917076342403168e-11
0.0003050230999891287
0.009285236757991307
0.013858914481730423
6.988957531854707e-12
4.2823460875848974e-11
6.370636487472506e-12
0.006363471877434039
4.805892400023744e-05
0.008741401883847207
0.0002982246729148217
0.00048227018182312684
0.003069620769953566
0.004858051797041488
0.00012696760702202313
9.737486816546903e-12
0.0016956570641722959
0.008168274433557955
0.0041278341651171365
5.9388192953147524e-12
0.008221491025847176
0.000798760302437041
0.004246528173129196
0.006139701622528785
0.002562970944572827
2.059279413813408e-11
0.0029472139417298857
0.002723588796953974
0.001145092040377344
5.566778633371904e-13
0.0025518565596982395
1.5991028329912258e-12
0.0004397047857461868
7.67839562749208e-12
0.007780234357054369
1.381361239686293e-12
0.007033614314944676
0.00423174109908082
0.020952402975119286
3.056455579476904e-13
0.004943134277648612
0.010135479015482346
4.117035808166817e-12
2.783934007903842e-13
0.0009349026135572097
0.027179787012509712
3.750898871408389e-11
4.14731409656625e-11
0.0003526716984406237
3.690530340889822e-11
1.6443967503497014e-12
0.01829317044387101
9.447755999347553e-13
0.001950783218841963
0.018089399523247517
6.558433622913639e-11
7.011363692206347e-05
8.085151791136567e-13
4.6780905890551887e-11
0.1002380272386931
0.00036389471093842637
0.0020038355100158445
3.5642885675036045e-11
1.3900198819775151e-12
0.006452738708010267
3.1974740799579764e-14
0.00023144651726391817
0.006384601284532527
0.038733567180042505
0.002881117507332389
2.70817723046944e-12
0.0005054709359780684
0.00030739973991768244
0.00043256804139872704
3.695890532045202e-12
0.006880292986936177
5.4713211583023084e-12
0.012252679528750277
2.5947766897144817e-11
0.022191132918552823
0.0033970332567782088
0.01505664418674675
0.021558259799457736
0.008751997095921352
9.069536268150359e-06
2.9921337155855145e-05
7.771375229420408e-14
0.010436377571162994
0.001149496805967012
0.006357243371373788
0.005134391719664775
8.760697504580559e-11
0.018484620580382003
0.007798230561730548
0.00031672606908445764
0.000178575223381833
1.1247745533782566e-12
0.0005863537649437649
6.7195909812346535e-12
0.016086370360835104
0.002795866061891779
0.0027245114715907675
2.3305590508885835e-11
0.025143550266668615
7.143001514710995e-13
0.0011498502564997594
3.2297069289272615e-12
0.0031237536857803916
2.3708730772652645e-12
0.0057363927725259944
2.7020795477464845e-13
0.0025205100139687347
1.0107298874791638e-12
0.0012252443101453377
5.592946650300997e-12
0.002728269021485391
0.00030568430345287407
9.699513473351026e-13
3.8396453076574105e-11
0.004624102102129216
0.0017935224478849612
0.0016350367676117115
9.615525154450133e-12
1.1325686876213059e-11
0.0056521314142392864
4.7629452796587964e-12
0.004535384695283249
2.5118634271355183e-14
1.0680060049838122e-13
0.004350549616187989
1.0370598225666062e-11
0.0015410006554498936
0.00032854284238693796
0.021582947989455762
4.290678659350183e-12
0.0393754948366568
5.73586837308427e-13
0.008189461604759201
3.454599809878661e-11
0.020084501306781775
1.6413660508128198e-11
0.0017886208825676618
0.004624799497227715
6.696454537405697e-11
0.0010161657805677587
0.014819056411292943
0.0011988659269371038
0.0012903809816726427
0.05552715338449766
3.8672538085407363e-13
0.006071647844924104
0.08485960456449715
9.706369769445192e-10
0.0040571119170065275
0.0025548622229336344
4.585426180189695e-11
3.1808413221441048e-12
7.478773126661715e-12
0.021784501218629904
0.0080294422782983
0.00023660705949208883
4.202636463867284e-05
0.009963316362926173
0.00022193238243700856
0.0030584712930873015
0.010629270730776425
0.009514178145727187
3.615077357363433e-10
0.0015071992532418499
3.0115538771438887e-11
4.413053831047476e-12
1.3998190441042213e-11
2.211316003857801e-12
0.0010380523880223007
5.533145623002128e-05
1.8756676533198386e-12
0.0027221883096294214
0.0014406856743053138
0.0032996578003338566
0.002551149168371221
0.0505226789418067
0.0028931395529338496
4.741948944852571e-12
0.015259314326495625
0.005228734812114902
1.059121771686781e-12
4.75624806008945e-12
1.7627249511941285e-12
5.621474583625576e-13
0.005877038218090769
0.0009168594910869684
2.5258865985835605e-11
0.029492449232598243
0.0002403402758057877
1.0380169857552597e-12
1.092971655208106e-12
0.005458492854754312
0.0006195048430526783
0.0014434636260213956
9.507632437508622e-14
0.0038971936912968095
6.07967466852655e-05
0.012869695990590263
0.002059627161986352
4.097984220727896e-12
0.00302897917458397
3.070234683079996e-11
0.004618222921530038
0.001976244759237269
0.0028095433543249265
1.8495146945174426e-12
0.0021146941691938394
0.005810756866037434
0.000307839153015424
0.0015860248481710222
1.3494656551174965e-12
0.0004302885794820484
0.006499118917397556
1.095712968152256e-10
1.1337294189858284e-12
0.00029627561096922696
0.0002161698347857427
0.006231616557318515
0.006346924879888076
0.004610183573752388
0.0012188965186987909
0.0021297468874582363
0.0005731631158555521
0.0014842761297244119
0.07439195724783504
1.5623693227596534e-12
0.00389956335899028
5.069288714364597e-12
0.003198463761347349
0.017652522640620588
0.0004850421481149751
2.2336514296274835e-11
0.014423220764997843
2.4526101778052826e-12
6.017224584926274e-12
6.146732209435111e-13
0.016710175212080174
2.98046970437978e-13
1.4445587394024004e-12
0.059791256071007354
6.940689770079726e-05
0.000987859988312609
0.0021681976966427046
1.7854234849110146e-11
0.02190929884639994
0.008491226567621534
5.569936691458331e-11
0.00026191062601589946
0.00010636085309374796
0.0038772188480824515
3.879686429730303e-11
0.0009931573549186142
0.029553453918578897
7.187442382414006e-11
0.008201085579709907
0.0003069491269034282
1.913312238829774e-12
0.011791864144907882
3.550164949128277e-13
0.0017548828061596977
0.0019156128668973876
0.0003753194324794793
6.265664534393563e-13
0.00018515428866650193
0.0018539496860854763
2.3001966389340323e-13
6.2363320081166596e-12
0.0037278207276816924
1.7013919776261512e-12
4.322537827490538e-12
1.9243812101849778e-10
0.0008328103006075289
0.00015463188393214226
0.058054660946504556
0.00017345868008975424
8.117857488154836e-12
0.0014982716118967388
8.340376997756148e-12
0.021302921369605616
0.0059438920516578855
4.623133094142392e-12
0.0005875016920471781
0.0036424635541025354
4.578522479960341e-12
0.0012916814520901594
1.5536984775226047e-11
0.011070338215897936
0.00011886520403261121
0.0006906840627095946
0.00038945704945260006
5.655503279677154e-12
2.959684765506627e-12
0.0019347158110499354
0.006706958020648552
0.008442573851817708
0.0002822895709117451
1.925988799063307e-12
5.414952136011274e-12
0.0038104006888919676
5.652917017448695e-12
0.0021871214750429305
4.974420290134417e-14
0.0014007765413810121
9.526113415426883e-12
0.02350561888799076
4.956793763526658e-09
1.801963414923695e-11
0.0023465868247567185
0.07202041070388773
3.009352466753451e-11
0.015759224624484446
0.0003076504465133282
0.0030380606622085423
0.001248969831462317
8.911297598428447e-12
0.0035492234308661702
0.0005834270547282768
0.0009397005188736868
7.608658458126944e-12
0.017064738184873047
3.088193281167345e-12
0.0030822787284579068
6.509661166239492e-13
0.00132568386084239
1.2677972673362818e-11
0.004495239905108306
1.5691944182822868e-11
0.0010633694974270884
6.304648132151692e-12
9.865757733234944e-05
