-429
-873
-831
-727
-1162
-1199
-1206
-1307
-264
-465
-396
-641
-734
-759
-822
-822
-601
-640
-577
-1082
-1082
-413
-418
-921
-676
-1096
-1147
-1186
-1319
-1334
-363
-585
-727
-727
-731
-737
-737
-740
-740
-448
-778
-805
-874
-927
-575
-875
-728
-810
-811
-1417
-480
-481
-354
-638
-656
-598
-1191
-1197
-400
-401
-935
-937
-1197
-1199
-1205
-269
-1325
-1410
-1421
-1439
-350
-584
-549
-819
-654
-814
-816
-1210
-1217
-983
-983
-1067
-1087
-1782
-346
-727
-727
-732
-735
-740
-961
-427
-452
-859
-860
-882
-408
-96
-97
-192
-211
-521
-838
-907
-195
-354
-373
-373
-382
-435
-437
-439
-1030
-372
-575
-1046
-1046
-1126
-1126
-1169
-1237
-369
-375
-619
-696
-718
-762
-762
-791
-791
-792
-574
-953
-954
-711
-799
-822
-857
-705
-773
-774
-1343
-1398
-480
-490
-717
-720
-721
-721
-766
-767
-838
-838
-347
-605
-653
-381
-395
-626
-627
-628
-644
-568
-569
-601
-761
-452
-460
-381
-667
-682
-841
-271
-483
-523
-553
-1194
-1239
-1244
-1244
-1259
-240
-415
-415
-416
-416
-403
-404
-798
-798
-804
-805
-406
-408
-661
-661
-743
-770
-246
-461
-487
-1021
-597
-1126
-1153
-299
-432
-433
-437
-615
-616
-624
-983
-323
-324
-557
-390
-669
-709
-709
-725
-825
-472
-786
-963
-678
-1154
-1274
-65
-66
-102
-247
-253
-478
-479
-928
-928
-929
-733
-1196
-1196
-421
-806
-250
-250
-256
-747
-1211
-1302
-657
-685
-499
-766
-946
-195
-598
-985
-986
-1125
-681
-704
-1163
-1171
-339
-568
-610
-589
-605
-939
-979
-1117
-1123
-1123
-425
-426
-472
-473
-495
-955
-955
-368
-388
-664
-852
-375
-793
-794
-798
-307
-328
-377
-348
-406
-746
-925
-926
-1380
-293
-376
-612
-640
-1017
-720
-1204
-817
-834
-1014
-503
-628
-636
-507
-508
-524
-795
-805
-805
-806
-809
-844
-925
-979
-979
-991
-758
-759
-837
-495
-496
-795
-809
-977
-729
-730
-1148
-1248
-1248
-1369
-529
-916
-984
-889
-1428
-1428
-635
-958
-998
-306
-307
-871
-929
-912
-912
-1034
-221
-259
-494
-835
-1360
-1360
-585
-965
-1043
-1043
-1044
-676
-1177
-1226
-1228
-1229
-546
-645
-1218
-1295
-442
-443
-445
-558
-558
-559
-560
-666
-1048
-1154
-1156
-1368
-478
-847
-974
-974
-673
-1040
-1040
-1041
-1043
-1130
-412
-426
-692
-798
-653
-1044
-1140
-1140
-1143
-1297
-1307
-1309
-546
-874
-704
-712
-1085
-1087
-1087
-1150
-1150
-1192
-579
-605
-893
-952
-957
-775
-776
-1273
-1273
-1275
-305
-307
-477
-478
-443
-910
-911
-912
-989
-990
-299
-541
-541
-649
-761
-1209
-1212
-1212
-1229
-1377
-1428
-1433
-165
-350
-369
-402
-511
-513
-985
-415
-753
-813
-813
-693
-607
-675
-682
-208
-210
-422
-423
-455
-789
-797
-718
-1285
-1294
-451
-720
-194
-431
-826
-826
-169
-193
-312
-423
-315
-536
-677
-708
-820
-437
-504
-867
-867
-871
-936
-938
-451
-727
-592
-604
-1048
-1118
-1118
-1127
-1127
-1303
-1304
-1305
-842
-222
-531
-402
-182
-183
-403
-652
-653
-317
-211
-231
-442
-442
-649
-817
-1287
-1454
-163
-410
-750
-830
-440
-716
-717
-718
-787
-822
-848
-848
-907
-908
-921
-447
-766
-653
-1129
-1148
-1229
-1265
-1275
-1283
-198
-252
-253
-562
-620
-839
-840
-1557
-545
-546
-576
-1070
-314
-324
-534
-584
-661
-465
-780
-211
-213
-389
-389
-860
-861
-1336
-1460
-1465
-1600
-1602
-1610
-1611
-397
-398
-780
-826
-541
-569
-541
-754
-1228
-1228
-1305
-871
-152
-153
-155
-615
-617
-622
-631
-633
-642
-569
-508
-440
-441
-651
-653
-954
-1049
-1111
-1112
-1113
-418
-442
-760
-849
-849
-472
-473
-493
-880
-160
-493
-171
-370
-482
-865
-135
-160
-300
-300
-302
-354
-1756
-1756
-408
-409
-236
-459
-478
-571
-903
-643
-1101
-1206
-1206
-1208
-657
-1142
-453
-207
-210
-360
-405
-405
-198
-199
-361
-366
-448
-540
-1096
-1096
-281
-523
-523
-529
-585
-706
-756
-757
-1289
-1345
-183
-363
-257
-502
-982
-115
-119
-277
-545
-545
-608
-957
-957
-1069
-1131
-439
-588
-1073
-1145
-1147
-216
-217
-411
-443
-483
-484
-484
-485
-475
-792
-800
-959
-240
-681
-684
-685
-645
-975
-1003
-384
-767
-808
-810
-1292
-272
-308
-500
-600
-289
-496
-703
-865
-420
-634
-683
-684
-706
-1083
-1641
-782
-783
-384
-396
-774
-573
-574
-921
-921
-1024
-1123
-1124
-593
-1094
-1094
-196
-207
-328
-310
-724
-725
-732
-1334
-302
-302
-597
-598
-941
-959
-959
-960
-965
-987
-1071
-1083
-1083
-1175
-1190
-661
-1187
-536
-553
-858
-858
-922
-637
-647
-1049
-758
-780
-405
-406
-406
-728
-728
-736
-314
-316
-507
-589
-403
-404
-791
-319
-320
-612
-1084
-1085
-1085
-1086
-1086
-227
-462
-487
-444
-456
-754
-655
-1035
-1038
-585
-1149
-1166
-1180
-476
-221
-632
-1059
-1090
-1098
-1098
-529
-813
-1023
-476
-477
-764
-678
-679
-262
-626
-1031
-1099
-1099
-1206
-1206
-1212
-1215
-652
-923
-711
-1205
-154
-296
-301
-173
-177
-284
-284
-285
-308
-176
-652
-654
-1170
-410
-606
-779
-489
-449
-860
-910
-228
-229
-272
-285
-566
-878
-1594
-1595
-1595
-1604
-1607
-1612
-947
-1106
-759
-767
-1380
-675
-1302
-1303
-788
-815
-816
-1283
-1433
-801
-320
-535
-540
-600
-641
-739
-740
-575
-576
-944
-1050
-821
-822
-1473
-1474
-823
-824
-1253
-1253
-1298
-1431
-1438
-320
-582
-582
-739
-751
-1155
-1183
-1185
-1201
-1202
-1272
-1416
-1439
-544
-588
-1092
-1095
-472
-481
-824
-934
-935
-1207
-1351
-1421
-1434
-1438
-1439
-1439
-634
-162
-314
-421
-424
-234
-573
-904
-906
-1120
-632
-1145
-1146
-1154
-876
-897
-135
-253
-777
-1399
-684
-750
-766
-1380
-202
-436
-57
-96
-232
-150
-356
-356
-669
-1039
-1312
-1312
-435
-732
-776
-794
-813
-819
-821
-823
-824
-832
-427
-698
-698
-702
-704
-724
-762
-764
-808
-808
-251
-416
-547
-547
-550
-572
-573
-574
-175
-176
-178
-279
-691
-710
-711
-1382
-222
-223
-402
-402
-447
-806
-809
-812
-872
-926
-267
-508
-508
-598
-1068
-1118
-966
-967
-560
-812
-828
-1250
-584
-1162
-422
-213
-437
-347
-614
-614
-650
-705
-706
-706
-726
-607
-947
-948
-950
-406
-174
-305
-394
-1069
-387
-419
-420
-672
-698
-823
-824
-825
-825
-414
-416
-669
-1141
-1175
-1176
-1256
-1396
-495
-499
-811
-854
-905
-906
-906
-536
-551
-893
-893
-895
-992
-803
-1356
-1457
-1458
-1458
-631
-947
-693
-1101
-1102
-1177
-1177
-1178
-1197
-1197
-797
-865
-954
-613
-1058
-1058
-859
-859
-365
-571
-689
-495
-233
-421
-476
-476
-509
-540
-558
-661
-1024
-1035
-1035
-1036
-1085
-1085
-1170
-1224
-814
-842
-1310
-580
-1066
-1075
-399
-500
-413
-757
-782
-810
-271
-300
-559
-796
-754
-755
-1358
-1397
-1397
-1492
-354
-362
-556
-674
-674
-298
-498
-341
-386
-420
-684
-712
-1236
-1937
-1938
-2065
-2075
-2075
-507
-702
-1201
-1357
-578
-1055
-1093
-1095
-414
-788
-857
-903
-527
-959
-989
-989
-997
-997
-167
-168
-349
-423
-569
-571
-880
-1025
-203
-421
-504
-520
-552
-178
-550
-551
-849
-963
-996
-1000
-1001
-394
-686
-804
-566
-567
-446
-462
-392
-701
-294
-514
-558
-1082
-1368
-921
-217
-237
-494
-494
-533
-618
-682
-789
-791
-194
-201
-258
-259
-433
-468
-748
-1159
-1329
-1346
-811
-1483
-1490
-1490
-156
-176
-335
-407
-408
-409
-587
-593
-916
-1081
-853
-1347
-443
-725
-725
-741
-1401
-1401
-404
-405
-643
-656
-675
-677
-709
-718
-764
-535
-860
-861
-1006
-848
-1300
-1300
-1302
-1302
-473
-732
-572
-573
-910
-910
-332
-662
-662
-706
-791
-435
-1032
-446
-447
-724
-776
-1305
-1449
-609
-939
-950
-1068
-1096
-1114
-1103
-300
-448
-881
-883
-248
-500
-247
-422
-482
-482
-448
-538
-849
-1000
-570
-578
-1183
-338
-416
-417
-251
-536
-536
-533
-224
-232
-571
-1080
-1176
-761
-656
-911
-1039
-1118
-1205
-1205
-296
-274
-466
-607
-610
-371
-372
-1046
-1049
-1051
-517
-436
-831
-842
-854
-855
-855
-790
-565
-432
-362
-561
-565
-574
-970
-532
-533
-830
-881
-507
-509
-753
-753
-825
-826
-367
-602
-602
-633
-677
-758
-656
-991
-991
-1064
-1064
-1166
-674
-1118
-1118
-1119
-767
-801
-1187
-1243
-1385
-1388
-1388
-736
-780
-393
-691
-695
-695
-535
-539
-850
-917
-288
-465
-465
-475
-576
-576
-578
-660
-1046
-1047
-1251
-712
-713
-1199
-1199
-1253
-571
-572
-1084
-257
-595
-913
-920
-130
-131
-319
-357
-373
-373
-885
-1337
-1370
-1370
-1371
-1377
-1377
-1416
-1416
-1600
-1602
-527
-695
-696
-714
-1029
-1038
-1038
-1231
-577
-983
-984
-1063
-1658
-1941
-1941
-630
-1007
-1125
-1125
-1131
-1196
-1206
-1206
-260
-982
-1495
-1540
-217
-237
-437
-536
-941
-941
-1155
-1206
-659
-660
-1028
-1090
-1112
-1112
-1148
-558
-562
-985
-988
-261
-480
-502
-521
-595
-993
-1003
-689
-702
-1219
-446
-447
-685
-547
-876
-980
-497
-792
-793
-793
-860
-1048
-1062
-853
-854
-1336
-1337
-1503
-1534
-326
-615
-624
-1155
-1157
-1157
-1158
-634
-1216
-1224
-684
-1389
-967
-968
-970
-1823
-1823
-1872
-1986
-2100
-2100
-2186
-371
-621
-664
-1351
-1352
-1353
-287
-291
-486
-487
-230
-232
-508
-527
-528
-848
-1010
-717
-729
-433
-861
-502
-470
-146
-349
-365
-401
-436
-440
-727
-729
-1130
-1131
-1142
-1362
-819
-1263
-1263
-1398
-1446
-1505
-1505
-1506
-1523
-273
-578
-626
-734
-1215
-1308
-1308
-1357
-1358
-422
-683
-290
-496
-519
-519
-537
-537
-1137
-1139
-1657
-289
-531
-875
-876
-878
-1265
-1459
-1460
-793
-795
-452
-466
-854
-241
-446