-429
-405
-873
-831
-801
-727
-677
-1162
-1199
-1206
-1307
-264
-232
-465
-396
-371
-641
-734
-759
-822
-822
-601
-551
-640
-602
-577
-555
-1082
-1082
-413
-383
-418
-921
-889
-676
-640
-1096
-1147
-1186
-1319
-1334
-363
-323
-585
-727
-727
-731
-737
-737
-740
-740
-448
-392
-778
-805
-874
-927
-575
-559
-875
-728
-674
-810
-791
-811
-791
-1417
-480
-463
-481
-463
-354
-330
-638
-632
-656
-638
-598
-582
-1191
-1197
-400
-401
-935
-937
-1197
-1199
-1205
-269
-247
-1325
-1410
-1421
-1439
-350
-326
-584
-549
-538
-819
-654
-814
-770
-816
-814
-1210
-1217
-983
-983
-1067
-1041
-1087
-1067
-1782
-346
-320
-727
-727
-732
-735
-740
-961
-921
-427
-452
-430
-859
-860
-882
-408
-380
-96
-69
-97
-69
-192
-211
-521
-481
-838
-907
-195
-171
-354
-373
-373
-382
-435
-437
-439
-1030
-372
-352
-575
-1046
-1046
-1126
-1126
-1169
-1237
-369
-348
-375
-619
-696
-718
-762
-762
-791
-791
-792
-574
-536
-953
-954
-711
-799
-822
-857
-705
-657
-773
-750
-774
-750
-1343
-1398
-480
-456
-490
-717
-720
-721
-721
-766
-767
-838
-838
-347
-320
-605
-653
-381
-361
-395
-381
-626
-627
-628
-644
-568
-535
-569
-535
-601
-569
-761
-759
-452
-428
-460
-452
-381
-339
-667
-682
-841
-271
-253
-483
-523
-553
-1194
-1239
-1244
-1244
-1259
-240
-226
-415
-415
-416
-416
-403
-378
-404
-378
-798
-798
-804
-785
-805
-785
-406
-364
-408
-406
-661
-661
-743
-770
-246
-224
-461
-487
-1021
-1017
-597
-560
-1126
-1153
-299
-432
-407
-433
-407
-437
-433
-615
-616
-624
-594
-983
-323
-306
-324
-306
-557
-390
-377
-669
-709
-709
-725
-825
-472
-434
-786
-963
-678
-656
-1154
-1274
-65
-56
-66
-56
-102
-66
-247
-253
-478
-455
-479
-455
-928
-928
-929
-733
-689
-1196
-1196
-421
-385
-806
-250
-250
-256
-747
-717
-1211
-1302
-657
-685
-675
-499
-437
-766
-946
-195
-191
-598
-558
-985
-986
-1125
-681
-704
-674
-1163
-1171
-339
-333
-568
-610
-589
-575
-605
-589
-939
-979
-1117
-1123
-1123
-425
-400
-426
-400
-472
-439
-473
-439
-495
-473
-955
-955
-368
-332
-388
-368
-664
-852
-838
-375
-347
-793
-794
-798
-307
-328
-377
-348
-406
-746
-925
-848
-926
-848
-1380
-293
-275
-376
-368
-612
-572
-640
-612
-1017
-720
-709
-1204
-817
-773
-834
-1014
-956
-503
-485
-628
-586
-636
-628
-507
-482
-508
-482
-524
-508
-795
-805
-805
-806
-809
-844
-925
-979
-979
-991
-758
-759
-837
-495
-444
-496
-444
-795
-809
-977
-729
-708
-730
-708
-1148
-1248
-1248
-1369
-529
-916
-984
-889
-855
-1428
-1428
-635
-613
-958
-998
-306
-297
-307
-297
-871
-929
-912
-912
-1034
-221
-259
-215
-494
-835
-811
-1360
-1360
-585
-541
-965
-1043
-1043
-1044
-676
-628
-1177
-1226
-1228
-1229
-546
-518
-645
-601
-1218
-1295
-442
-405
-443
-405
-445
-443
-558
-558
-559
-560
-666
-638
-1048
-1154
-1156
-1368
-478
-443
-847
-974
-974
-673
-639
-1040
-1040
-1041
-1043
-1130
-412
-386
-426
-412
-692
-798
-653
-606
-1044
-1140
-1140
-1143
-1297
-1307
-1309
-546
-524
-874
-704
-666
-712
-704
-1085
-1087
-1087
-1150
-1150
-1192
-579
-559
-605
-579
-893
-952
-957
-775
-736
-776
-736
-1273
-1273
-1275
-305
-283
-307
-305
-477
-478
-443
-413
-910
-911
-912
-989
-990
-299
-244
-541
-541
-649
-761
-727
-1209
-1212
-1212
-1229
-1377
-1428
-1433
-165
-159
-350
-369
-402
-511
-513
-504
-985
-415
-375
-753
-813
-813
-693
-671
-607
-675
-682
-208
-162
-210
-208
-422
-403
-423
-403
-455
-423
-789
-797
-718
-682
-1285
-1294
-451
-435
-720
-194
-156
-431
-393
-826
-826
-169
-121
-193
-169
-312
-423
-315
-303
-536
-516
-677
-708
-820
-437
-395
-504
-488
-867
-867
-871
-936
-938
-451
-436
-727
-592
-560
-604
-592
-1048
-1118
-1118
-1127
-1127
-1303
-1304
-1305
-842
-836
-222
-186
-531
-402
-182
-153
-183
-153
-403
-652
-619
-653
-619
-317
-298
-211
-191
-231
-211
-442
-442
-649
-617
-817
-797
-1287
-1454
-163
-147
-410
-750
-830
-440
-408
-716
-717
-718
-787
-822
-848
-848
-907
-908
-921
-447
-425
-766
-653
-601
-1129
-1148
-1229
-1265
-1275
-1283
-198
-176
-252
-247
-253
-247
-562
-620
-839
-812
-840
-812
-1557
-545
-532
-546
-532
-576
-546
-1070
-314
-304
-324
-314
-534
-584
-661
-465
-433
-780
-211
-171
-213
-211
-389
-389
-860
-833
-861
-833
-1336
-1460
-1465
-1600
-1602
-1610
-1611
-397
-382
-398
-382
-780
-826
-541
-515
-569
-541
-541
-539
-754
-722
-1228
-1228
-1305
-871
-152
-133
-153
-133
-155
-153
-615
-617
-622
-631
-633
-642
-569
-525
-508
-454
-440
-417
-441
-417
-651
-599
-653
-651
-954
-1049
-1111
-1112
-1113
-418
-392
-442
-418
-760
-849
-849
-472
-433
-473
-433
-493
-473
-880
-160
-140
-493
-451
-171
-157
-370
-482
-448
-865
-135
-126
-160
-136
-300
-300
-302
-354
-1756
-1756
-408
-385
-409
-385
-236
-222
-459
-478
-571
-903
-869
-643
-619
-1101
-1206
-1206
-1208
-657
-647
-1142
-453
-431
-207
-143
-210
-188
-360
-405
-405
-198
-173
-199
-173
-361
-366
-448
-540
-494
-1096
-1096
-281
-229
-523
-523
-529
-585
-706
-756
-751
-757
-751
-1289
-1345
-183
-157
-363
-257
-219
-502
-478
-982
-115
-99
-119
-115
-277
-225
-545
-545
-608
-570
-957
-957
-1069
-1131
-439
-588
-552
-1073
-1145
-1147
-216
-197
-217
-197
-411
-443
-483
-484
-484
-485
-475
-434
-792
-800
-959
-240
-212
-681
-684
-685
-645
-621
-975
-1003
-384
-338
-767
-808
-810
-1292
-272
-308
-288
-500
-600
-289
-273
-496
-703
-865
-420
-394
-634
-683
-684
-706
-1083
-1047
-1641
-782
-731
-783
-731
-384
-348
-396
-384
-774
-573
-550
-574
-550
-921
-921
-1024
-1123
-1124
-593
-569
-1094
-1094
-196
-173
-207
-197
-328
-310
-290
-724
-725
-732
-728
-1334
-302
-302
-597
-584
-598
-584
-941
-959
-959
-960
-965
-987
-1071
-1083
-1083
-1175
-1190
-661
-656
-1187
-536
-553
-521
-858
-858
-922
-637
-603
-647
-637
-1049
-758
-736
-780
-758
-405
-394
-406
-394
-406
-372
-728
-728
-736
-314
-298
-316
-314
-507
-589
-403
-370
-404
-370
-791
-319
-302
-320
-302
-612
-594
-1084
-1085
-1085
-1086
-1086
-227
-209
-462
-487
-444
-398
-456
-444
-754
-655
-615
-1035
-1038
-585
-581
-1149
-1166
-1180
-476
-221
-185
-632
-628
-1059
-1090
-1098
-1098
-529
-503
-813
-1023
-476
-441
-477
-441
-764
-678
-637
-679
-637
-262
-236
-626
-594
-1031
-1099
-1099
-1206
-1206
-1212
-1215
-652
-640
-923
-711
-679
-1205
-154
-144
-296
-301
-173
-135
-177
-173
-284
-284
-285
-308
-176
-162
-652
-638
-654
-1170
-410
-374
-606
-779
-489
-449
-427
-860
-910
-228
-213
-229
-213
-272
-285
-267
-566
-878
-850
-1594
-1595
-1595
-1604
-1607
-1612
-947
-1106
-759
-711
-767
-759
-1380
-675
-667
-1302
-1303
-788
-815
-786
-816
-786
-1283
-1433
-801
-773
-320
-266
-535
-540
-600
-641
-739
-736
-740
-736
-575
-542
-576
-542
-944
-1050
-821
-806
-822
-806
-1473
-1474
-823
-788
-824
-788
-1253
-1253
-1298
-1431
-1438
-320
-297
-582
-582
-739
-721
-751
-739
-1155
-1183
-1185
-1201
-1202
-1272
-1416
-1439
-544
-506
-588
-544
-1092
-1095
-472
-481
-435
-824
-934
-935
-1207
-1351
-1421
-1434
-1438
-1439
-1439
-634
-596
-162
-133
-314
-421
-424
-234
-232
-573
-561
-904
-906
-1120
-632
-598
-1145
-1146
-1154
-876
-897
-135
-111
-253
-243
-777
-773
-1399
-684
-750
-716
-766
-750
-1380
-202
-176
-436
-57
-44
-96
-60
-232
-150
-144
-356
-356
-669
-650
-1039
-1312
-1312
-435
-409
-732
-776
-794
-813
-819
-821
-823
-824
-832
-427
-401
-698
-698
-702
-704
-724
-762
-764
-808
-808
-251
-221
-416
-547
-547
-550
-572
-573
-574
-175
-156
-176
-156
-178
-279
-691
-710
-689
-711
-689
-1382
-222
-187
-223
-187
-402
-402
-447
-806
-809
-812
-872
-926
-267
-255
-508
-508
-598
-562
-1068
-1118
-966
-967
-560
-812
-780
-828
-812
-1250
-584
-558
-1162
-422
-402
-213
-195
-437
-347
-319
-614
-614
-650
-705
-706
-706
-726
-607
-947
-948
-950
-406
-174
-156
-305
-394
-1069
-387
-419
-398
-420
-398
-672
-698
-823
-824
-825
-825
-414
-346
-416
-414
-669
-649
-1141
-1175
-1176
-1256
-1396
-495
-467
-499
-495
-811
-854
-905
-906
-906
-536
-527
-551
-537
-893
-893
-895
-992
-803
-783
-1356
-1457
-1458
-1458
-631
-609
-947
-693
-675
-1101
-1102
-1177
-1177
-1178
-1197
-1197
-797
-865
-954
-613
-579
-1058
-1058
-859
-859
-365
-343
-571
-689
-495
-233
-197
-421
-476
-476
-509
-540
-558
-536
-661
-615
-1024
-1035
-1035
-1036
-1085
-1085
-1170
-1224
-814
-770
-842
-814
-1310
-580
-538
-1066
-1075
-399
-500
-413
-410
-757
-782
-810
-271
-244
-300
-272
-559
-796
-754
-719
-755
-719
-1358
-1397
-1397
-1492
-354
-314
-362
-354
-556
-674
-674
-298
-276
-498
-341
-386
-420
-684
-712
-1236
-1206
-1937
-1938
-2065
-2075
-2075
-507
-702
-682
-1201
-1357
-578
-546
-1055
-1093
-1095
-414
-374
-788
-857
-903
-527
-507
-959
-989
-989
-997
-997
-167
-152
-168
-152
-349
-423
-569
-541
-571
-569
-880
-1025
-203
-172
-421
-504
-520
-552
-178
-147
-550
-543
-551
-543
-849
-963
-996
-1000
-1001
-394
-384
-686
-804
-566
-553
-567
-553
-446
-424
-462
-446
-392
-388
-701
-294
-280
-514
-558
-1082
-1368
-921
-217
-237
-215
-494
-494
-533
-618
-682
-789
-791
-194
-201
-179
-258
-231
-259
-231
-433
-468
-748
-724
-1159
-1329
-1346
-811
-749
-1483
-1490
-1490
-156
-134
-176
-156
-335
-407
-408
-409
-587
-569
-593
-587
-916
-1081
-853
-809
-1347
-443
-413
-725
-725
-741
-709
-1401
-1401
-404
-365
-405
-365
-643
-656
-675
-677
-709
-718
-764
-535
-497
-860
-861
-1006
-848
-826
-1300
-1300
-1302
-1302
-473
-469
-732
-572
-559
-573
-559
-910
-910
-332
-296
-662
-662
-706
-791
-435
-407
-1032
-446
-425
-447
-425
-724
-776
-730
-1305
-1449
-609
-601
-939
-950
-1068
-1096
-1114
-1103
-1067
-300
-448
-408
-881
-883
-248
-182
-500
-247
-231
-422
-482
-482
-448
-418
-538
-494
-849
-1000
-570
-578
-560
-1183
-338
-416
-417
-251
-212
-536
-536
-533
-224
-186
-232
-224
-571
-563
-1080
-1176
-761
-709
-656
-624
-911
-1039
-1118
-1205
-1205
-296
-263
-274
-232
-466
-607
-568
-610
-608
-371
-366
-372
-366
-1046
-1049
-1051
-517
-496
-436
-424
-831
-842
-854
-855
-855
-790
-565
-519
-432
-412
-362
-328
-561
-565
-574
-528
-970
-532
-511
-533
-511
-830
-881
-507
-485
-509
-507
-753
-753
-825
-826
-367
-321
-602
-602
-633
-677
-758
-656
-991
-991
-1064
-1064
-1166
-674
-650
-1118
-1118
-1119
-767
-717
-801
-767
-1187
-1243
-1385
-1388
-1388
-736
-780
-393
-345
-691
-695
-695
-535
-525
-539
-535
-850
-917
-288
-258
-465
-465
-475
-576
-576
-578
-660
-630
-1046
-1047
-1251
-712
-687
-713
-687
-1199
-1199
-1253
-571
-542
-572
-542
-1084
-257
-243
-595
-561
-913
-920
-130
-119
-131
-119
-319
-357
-373
-373
-885
-847
-1337
-1370
-1370
-1371
-1377
-1377
-1416
-1416
-1600
-1602
-527
-520
-695
-682
-696
-682
-714
-696
-1029
-1038
-1038
-1231
-577
-573
-983
-984
-1063
-1027
-1658
-1941
-1941
-630
-578
-1007
-1125
-1125
-1131
-1196
-1206
-1206
-260
-216
-982
-958
-1495
-1540
-217
-177
-237
-217
-437
-536
-508
-941
-941
-1155
-1206
-659
-644
-660
-644
-1028
-1090
-1112
-1112
-1148
-558
-522
-562
-558
-985
-988
-261
-239
-480
-502
-521
-595
-993
-957
-1003
-993
-689
-702
-676
-1219
-446
-425
-447
-425
-685
-547
-481
-876
-980
-497
-451
-792
-793
-793
-860
-1048
-1010
-1062
-1048
-853
-844
-854
-844
-1336
-1337
-1503
-1534
-326
-306
-615
-624
-600
-1155
-1157
-1157
-1158
-634
-596
-1216
-1224
-684
-649
-1389
-967
-928
-968
-928
-970
-968
-1823
-1823
-1872
-1986
-2100
-2100
-2186
-371
-351
-621
-664
-637
-1351
-1352
-1353
-287
-259
-291
-287
-486
-487
-230
-204
-232
-230
-508
-527
-506
-528
-506
-848
-1010
-717
-661
-729
-717
-433
-385
-861
-502
-470
-442
-146
-114
-349
-365
-401
-436
-440
-727
-697
-729
-1130
-1131
-1142
-1362
-819
-810
-1263
-1263
-1398
-1446
-1505
-1505
-1506
-1523
-273
-213
-578
-626
-734
-702
-1215
-1308
-1308
-1357
-1358
-422
-368
-683
-290
-257
-496
-519
-519
-537
-537
-1137
-1103
-1139
-1137
-1657
-289
-269
-531
-875
-850
-876
-850
-878
-876
-1265
-1459
-1460
-793
-765
-795
-793
-452
-416
-466
-452
-854
-241
-207
-446