0.0075381680375010435
0.49894944042426564
0.7596048543790769
0.03534532798617995
0.038441987692446375
1.1498309521877301
0.007460795391083816
0.007861640400948089
0.06914808375161986
0.07375702090435612
1.0507972288215779
0.049195912329031
0.2384012380267359
0.4290384558614012
8.313543984827938
2.2924004687098107
0.07747871496766759
0.11944860849537946
0.23869483115566048
0.20585153616646532
0.027715716900927216
0.05777177029744693
0.06712487693451341
0.09474705018325906
0.48465351696255043
0.656023766528153
0.8353310087805916
0.7866339836866278
0.3036165405585446
0.24867018340932523
0.6511034639787588
0.6087126342275655
0.044339573962471554
0.0397909781663809
0.005513594360892025
0.30410555045302323
0.2777899915855897
0.9245661760136916
0.08096589407216771
0.18080025479978634
0.031290857867857125
0.04234146370474635
0.04210245937382215
0.1097815097020912
0.43544704820261804
0.016854404805162756
0.4373758904398517
0.40203956459197854
0.4876601660154153
0.7340475072259889
0.3541326286536731
0.35182936819105215
0.0809347274631518
0.08150216997797971
0.4073345007060569
0.5293865103242826
0.20378879531526317
0.011002637490615018
0.058338056700471284
0.008275719055274794
0.8359906851914785
0.5104152248933378
0.049741952115002014
0.2628865131793161
0.055341813340226774
0.060836097078631926
0.12200740780746808
0.12512820441315278
0.04858281517654049
0.04248672335992047
0.08890001200063855
0.20930126824890624
0.034156790523721905
0.035725606730996576
0.1382512356010052
0.21394850025236237
0.22016118086382305
0.3064370458951573
0.27654565109236035
0.2826387066015252
0.21293064088301797
0.27402603303012124
0.4578972210793678
0.29097643904830217
0.30855720124199076
0.9275539652828133
0.8915025506419678
0.025903260046945355
0.02651712699429551
0.010941170778521034
0.27519028451923716
0.08188475170963518
0.0626382244708394
0.5589155527051377
0.0047760538591042866
0.0046589150818318785
0.1264134689836947
0.0185501273358642
0.01646772084294152
0.005392211902314068
0.17635075647086104
0.056700743369742984
0.05991517319469703
0.23458015659182108
0.02175441519044363
0.4932652395374479
0.48385897729059685
0.504392557568508
0.019006418130104806
0.014569006934668633
0.7507520490433977
2.0844429198983074
1.8794869791080753
0.8614919939089848
0.5816521847672274
0.3263238596548864
0.299250750774531
0.2279862074780017
0.1693358837366268
0.5388663053589642
0.021237362768702955
0.027374859382802267
1.1681502840900984
0.16206076261985208
1.3540316580783396
0.9973146729578763
0.4501258731740747
0.47327046824063995
0.32421070419931564
0.42305879945231095
0.10288694552683314
0.08801305860236816
2.075361431483593
2.6133102534092565
11.715674715124184
0.10974087962106749
0.5120490360792733
0.024182943618365822
0.024468697934679647
0.024617481087134706
0.07953699059084857
0.4399713378955319
0.07496597911718228
0.11525871010841968
0.3491041990295674
0.4480907560307265
0.16812746363409692
0.9733259436828323
1.0242935118888759
0.24134696912723888
0.29843871497262525
0.10740675064838495
0.16953637736891464
0.03099824296964088
0.026643630439341835
0.19201010033499832
0.2318451073452758
0.6069521440569258
0.08661758845366098
0.08097240608708214
2.329426188682458
2.759023969126617
0.0770120880790282
0.0857556994803375
0.7449317579593017
0.14762392481600883
0.07055824060194504
0.0891702576734248
0.0649408270103046
0.1751673675383268
0.07003454187812257
0.08716851462092667
0.09635185847613133
0.015365521492786503
0.9673169104240635
0.9138418618925398
0.860161345989109
0.05429968051949426
0.04616470743285474
0.146025280296898
0.14408354568918072
0.2688587245139608
0.6088632751132786
0.2291151877610916
0.24556062775911144
0.3149998493654633
0.6717438171462667
0.1913267335836667
0.023810754206089798
0.4824647724097839
0.36926531097188403
0.40950375739220163
0.34117329131906504
0.12488362264320817
0.13624422156687468
0.11516436816853053
0.02286367761872631
1.6084781311613299
1.7220654712566947
0.02304656849432545
0.058139717861755195
0.31638438935136276
0.2941733689780122
0.4021889964350987
0.2327181890882447
0.02058713255422636
0.023462205972110173
0.15713397160425513
0.17719244174537666
0.031149542544058956
0.29681898221805736
0.004111933840728712
0.3930114935325451
0.6199813512224913
0.028774038840776596
0.03155307111782555
0.03154692548289076
0.03227059854199645
1.1770579196231759
0.017640918922802794
0.010821714815823467
2.2098173328951933
0.1608612916888371
1.1353481110935921
0.8854385208356843
0.01191773152728539
0.011984739068388626
0.12845171927901947
0.12990446634284297
0.2196950317750074
0.038594914263549635
0.1785118026898061
0.2555021434753977
0.36577071083479556
0.26290495678913284
0.08121096804335709
0.1318413457565122
0.9416739788144037
0.19721312130999089
0.008519305621235712
0.014339701303360855
0.013749932066913153
0.033807170212468436
0.12880179063338834
0.9872941960037473
0.45492294583999093
0.375267730084404
0.5173370391522075
0.04480614452026308
0.6018302187174823
0.6148196656666758
0.6609376144558864
0.6186253626636343
0.1446118361133969
0.005588743896709829
0.014899020373216398
0.6009917995419387
0.9098549008336038
0.1532561135168552
0.14500752733873273
0.2976640395388953
0.26772016206129035
0.17254561494921558
0.16078732786456917
0.014040986886569724
0.2732560518921284
0.11136820693112547
0.11363324853334378
0.06040350642518081
0.05861044612966464
0.05051844108715972
0.007082279881534344
0.007421355545098909
0.7358468990100516
0.057302091140141904
0.8912029677244917
0.9295796986080985
0.04024839723735133
0.008465105794773784
0.23413744046424437
0.3680138337515426
0.001730744130607196
0.4188945193609325
0.20821080155090316
0.08617134456918633
2.333375942639574
0.23620256725811986
0.1775213620611961
0.9321854266481638
0.018621781193264124
0.06315609311378755
0.06301638858077763
0.25585520714423954
0.01916157837513892
0.4111971568681592
0.06013331577840172
1.6559226954945103
0.028773486696607654
0.03703027288810739
0.23709643247711498
1.1542401316707882
0.09198322662855872
1.0147671793452209
0.4056651980777672
0.3133744898798237
0.22704573501255057
0.17132144906242283
0.11213733059082247
0.2080629489867407
0.21030922702527233
0.3468765200110206
0.11365117698277899
0.11352165103724847
0.008570975699311666
0.35391464634195396
0.43154367570091
0.5777762889915758
0.6092084923291028
0.3463047980282313
0.6029717613459146
0.206914322299667
0.16511256379340922
0.03802280997205548
0.04873004471839326
0.501116613199346
0.34709729267867323
1.4502361574337463
0.9230432702446969
0.10277379416337598
2.6808401474312173
1.355259845620413
0.02099822860105855
0.14430900773350339
0.3647641837177065
0.027006484182028886
0.008992377825027473
0.4402433112199093
0.4421659375355899
0.3382719946666712
0.06946150483099756
0.07107531678267716
0.822268295869037
0.01136164935466159
0.11728990309325146
0.12283796601495259
0.03842350084449264
0.2519689930509
0.025806718648017264
0.04482395732454544
0.05063376930076473
0.05331381462598996
0.04851368337316373
0.13360271691704023
0.1021588420859847
0.002059105241562682
0.1414056465810606
0.10822754921682493
3.765886149374542
3.483234521056035
0.01343548165152113
0.11751760668150718
0.39586272762248226
0.49565220322231773
0.475384519484934
0.18982512256996892
0.08819283334660064
0.50752603470422
0.17462213799721357
0.19245601962336972
0.09520011395710179
0.18499384908445476
0.17006020007355685
0.012022899315472976
0.013116460045098262
0.07147951213183396
0.06816439034976879
0.41568264421980117
3.365924584224599
0.1326396263748696
0.04266406794987375
0.06687755447548525
0.004065426076955527
0.02743609009917222
1.6478597623728286
0.790379095748792
0.33689261360970696
1.0674615446787152
1.055551919323798
0.10982421119890094
3.289943798144506
0.006887125363025517
0.1676087336752273
0.17259443325438625
0.05773527625216664
1.2930804496038757
1.2967956086050996
0.9283868674710197
0.012702111191623013
0.7818476873347344
0.5646315472293463
0.06307249030094357
0.10144300485632397
0.10861911662759616
0.07953665194170186
1.9866247310522003
1.0135762903097458
1.5909626906196324
0.00473722674557444
0.3197780888503515
0.6020306389825794
0.3559202049341401
0.43282106119149744
0.0512806322298131
0.09036388859822905
0.21945399762109224
0.23084718573669447
4.265487610524714
0.019484009777610223
0.02884239096364877
0.035734471662407785
0.10597705957631759
0.11409240302042338
0.6539671261760531
0.043049581354776344
0.45425739456329095
0.3945422521316936
0.03754310412298106
0.41429488497328043
0.006273075185916898
0.03827335962662462
0.31788852731757444
0.34857057115240686
0.004730128344293339
0.6280115457907628
0.35190893411820345
0.41144330749811686
0.10364016178397634
0.010519588609410668
0.5537120266721297
1.0455406366768418
0.20869977705143708
0.03092775146336721
0.8377853477718574
0.7114110899827033
0.6557532586908223
0.4670447105417345
0.7802232266918676
0.10443183634214177
0.1100877873854956
0.09967105757546622
0.02066380766608016
0.046839399311363224
0.05987401612603287
0.15511651947732796
0.17014957640038603
0.035273026112900806
0.27444190397828505
0.8407679956044304
0.25461263637983755
0.41973409630456454
0.49500001871766414
0.016932073639913402
1.1631564037607474
1.22682841891631
0.45749282782168144
0.14828429599959297
0.15100053811072037
0.2296133457508455
0.03280036880204459
0.5863689105658177
0.4277093991886862
0.21209664924151483
0.21938229219993355
0.2104357281112185
0.0759845909953445
0.6622931933874233
0.01766024776560322
0.016904598170789823
0.19494253587921798
0.5490308735741033
0.10322194277859274
0.10742402576799806
0.3031873283668426
0.395090025908436
0.016987743414895843
0.5593383491745149
1.2240729502659922
0.01679838708642599
0.014858186791480264
0.12870814445066026
0.00983847418712598
0.5426093051668923
0.06748092076873531
0.10233363794951077
0.008270865837625173
0.01629370971108856
0.03340146661945558
0.10623522708115732
0.2785260854502655
0.28850426796233825
0.7230999943116203
0.8175861306452629
0.023236520344045372
0.02481267671359411
0.7006766142731309
0.7215681737845853
0.264030656346296
0.22457523652457204
0.11209879730432995
0.11244150979932015
0.41611649986863497
0.42645590580918896
0.945796235783088
1.0235662249914266
0.5411429747792282
0.5416787903219454
0.33942477246523134
0.3620740054107101
0.022647346874243832
0.006773840429788157
0.09074247145055099
0.07631608713163048
0.10497678004654143
0.4976412959015792
0.48454298539890295
0.017942139899837527
0.005238489215705118
0.004561467318338574
0.011300101389918129
0.25484431087890075
0.039268196020912194
0.03685790595823826
0.027480611236758296
0.028392132244734067
0.8109260607365725
0.8874858951155228
0.16839868532666785
0.19503499082852904
0.46843977719539004
0.24458222259746387
0.24205239249532717
0.12158427653285366
1.2148417297111298
0.2517727497593388
0.3015102151802743
0.04878727761776092
0.01941363391847706
0.02621133271130811
0.00834569634181633
0.43337176916177905
0.33503218771714305
0.16880000901442221
0.0037772441989009906
0.5253659721080002
0.5193171264371221
0.6274786055713262
0.23237147544639963
2.7659739134432253
1.208273936408249
0.040562658229042294
0.010982681694163781
0.05260195342772334
0.11003333947449248
0.12028630388430003
0.5332166948554375
0.8165484754314007
0.2740127376432674
0.9014591440347902
2.037989776071912
0.035331201529658345
0.0275498667887356
0.15049806388806905
0.16497508530487628
0.28746224151390903
0.09255812323530346
0.002755159870888337
0.2731914670308343
0.2547114806953053
0.53944978860072
0.47429974481803544
0.001545939396947135
0.03446379738915618
0.01028613503617215
0.02908688763507632
0.13711160956711552
0.06457604986086429
0.004384946913938111
0.13948051566836833
0.018050928204373217
0.5313061755563472
0.45186618381434324
0.006747472879504966
0.09544372887258169
0.04516777536787615
0.04291342366447506
1.2802800398998386
1.1767291336137575
0.7877317606166417
0.47805318336076397
0.02599158144646161
0.02702082498836257
0.34409553513990226
0.5300411933555569
0.0033342610852253054
0.012613253683537834
0.9561088388923121
0.10135122060672486
0.013310190699757885
0.0884931948577735
0.020548501029688488
0.01768380022535872
0.1014758402583218
0.0761633535719135
0.32475131579821587
0.19570693616452792
0.12277039342101119
0.07693966509068033
0.0507859259158791
0.01932719562611465
0.33584855120192675
0.26881932026164895
0.2505043960851592
0.01544870663675981
0.028680608720552555
0.031253298042954326
0.03212923241817086
0.007024408224395374
0.26967682708699237
0.27505404406841183
0.04109174263038956
0.11456357038991284
0.04714188222781435
0.07507415799316003
0.206718565302235
0.22172849107185338
0.2564557568550783
0.0009501364217394489
0.10051838025839112
0.09221929470746448
0.06574770162553509
0.09403617639623271
0.7935347913900825
0.1939104479142035
0.27628190962046806
0.020591412632157514
0.013234693807727205
0.04999834751744435
0.07154034253244342
0.07873461511008811
0.11298189985881144
0.038274821070245615
0.08815208693830318
0.07952915625362914
0.014993499529888559
0.24979950198783715
0.423087383815402
0.19103514408869565
0.21986929576136252
0.006195394648861339
0.7088080865041645
0.7627837662190646
2.353628713872021
2.1581867631654776
2.273901598266972
0.9702130338535184
0.9740349671750158
1.0759121776977607
0.8299877255365424
0.2346078685277653
0.07833313374238249
0.007668337955844483
0.007714539935717893
0.03120824318790949
0.02413430911001859
0.023914611645348003
0.5138141951403138
0.38820696574274116
0.2018096409075551
0.20314731738278108
0.01394419882956567
0.1429866542451992
3.924598733847597
0.02980656261505958
0.029652285348927485
2.0784594113370365
0.03226482921461077
0.02957250651821135
0.7818252196869407
0.1525725418141499
0.09824792978682793
0.13264443660668568
0.32961951277472157
0.14221856583446593
0.5735066111279665
0.26488738082830326
0.24704338170437914
0.9609682151705216
0.5860648242465073
0.6789140211365398
0.01051923451598749
0.7728326419129814
0.07433193978395101
0.01946729961395402
0.22879547571556214
0.7570310622768213
0.47897879051699666
0.014691723145138015
0.013845489327647951
0.01044441425524707
0.05507583486819704
0.07482803848171402
0.27738143495585205
0.5328220344269559
0.002994368548572743
0.0020241254284757756
0.012470306736562423
0.011303524698081255
0.4430400400200995
0.023702036532459017
0.27064162786105583
0.017473964309914106
0.051379048155830664
0.12338344995184165
0.017373914407368223
0.7309772378456422
0.00739888988285902
0.16740919551044678
0.24300218881277696
0.0009630828492492016
0.011967040009324038
0.009698397401555637
0.07369491885414893
0.03402696544293138
0.2361892738299231
0.21775911958893923
0.1943495955679349
0.255379366589085
0.05866603422091561
2.4889343666330324
2.572906248879879
0.0541171466755062
1.3048373165469205
0.17976290416643728
0.008613638227890448
0.008410393310822103
2.474794657165389
2.191678388949178
0.0297032117834355
0.021855567028026754
0.4585910025703191
0.1279610115050457
0.12745884077341346
1.2349765915737803
1.3836472748991275
0.02297768106092638
0.0036133769860662657
1.5513508708890058
1.691809024880479
0.027327337710833798
0.013814787349227847
0.3022853286256308
0.44778118938753997
0.03345434202591551
0.1328302459987271
0.028011587369043592
0.1401663722497736
0.025442812831250373
0.40709652086662423
0.3799351208713301
1.496436430616318
0.04681697166822706
0.047424058078691635
0.1787742312448234
0.021581229200768545
0.0131528601310937
0.0690157985029541
0.5011155866282241
0.6200727304369305
0.01892103102822501
0.06350177238824826
0.06743050537917426
0.8535177974990125
0.012801097167469286
0.011138572200708928
0.03800691055007911
0.010748326093091329
0.008961964263575654
0.26919994802710806
0.02798674231769836
0.0504100889920112
0.5714820203609231
0.10879728453332356
0.15654931241646758
2.0497923587156976
1.465648826026361
0.10705475765213042
0.17102387165969546
0.04659000198844464
0.050386373538033324
1.2674963014689766
1.118802601781186
0.3510798120658904
0.49870964572190774
0.021237870770253752
0.22128189564329542
0.008467409760927589
0.009027247598860245
0.18199893574421014
0.19321428599937548
0.0709043835686935
0.33771953944967953
0.1843566240153268
0.15865581841666043
0.0005698211497055338
0.14839806143733858
0.8036965225528607
0.6625047198980005
0.2872243993976118
0.37427823425463497
0.030315039380643657
0.5249979220191798
0.18519615949547885
0.1697815928646816
0.006520335175244138
0.013425354533284846
0.001562156265166807
1.8865561391838386
1.9486031432357371
0.6223213128272065
0.33892387508157085
0.006539274566715019
0.25124576701983675
1.2255009411980125
0.9200065588872969
0.0039285015210272795
0.0012033515715535567
0.16001639550514826
0.07311172183694663
0.05466020677670041
0.0399090848229969
0.17798684816175095
1.1989517457023662
0.15501910228061672
0.040042260082733705
0.2974981363832793
1.3599877744304818
1.4856936122492082
2.137406215725594
0.8318453728581788
0.5845797925828307
2.333637175576065
0.006464325641730251
0.06670390753501149
0.8392956436554491
0.08126307143918317
0.2648241365640087
0.2381832243486949
0.2789616864961384
0.24095118134936136
0.06988120729793386
0.1469366029800844
0.11744522863983067
0.0074371298492856425
0.695234831734622
0.07241843143808936
0.03826409061260244
0.03788471184065089
0.022074940328485542
0.021735922187459834
0.24937920751939335
0.22153029054989465
0.16156256154409168
0.014820444091414677
0.008947928630704908
3.5991949160073307
1.738984584886415
0.7608093638844087
0.009743521664583027
0.1066934795954561
0.10060586141246274
0.0167298216031556
0.9584724626818094
0.9342590489511757
0.35830523663557823
0.33877371012352697
0.06923701213879518
0.27903891481821474
0.27375425467448644
0.009757595297686095
0.049141959284360576
0.055023459796376864
0.0025861063308615507
0.3129667683405494
0.29136496641655324
0.43207195540539955
0.02701299340715534
0.02628173481141759
0.2867707195258518
0.2905239144304738
0.23132967792042974
0.9755627304268171
0.3738586373849344
0.16938556500105043
0.1637687430728362
0.586102902713776
0.06409306272910592
0.033627382780456565
0.8023694190966465
0.075556602427244
0.05359550485208779
0.06535364511235615
0.8516946677243418
0.23424812462958786
1.0554782197939296
0.11167701844455745
0.12572260466095808
0.13964896086763992
0.14927648617371406
0.008866887183423365
0.09867612983605224
0.019477281199797296
0.006224685022451258
0.43304162661706225
0.057915171136485685
0.10622149809401543
0.9012074730945095
0.9198453679828946
1.1900593278579348
0.5165100689800065
0.3951696820031397
0.4187914749262453
0.052784449212131775
0.5537537427878703
0.11994128021960132
0.14231675861077214
0.0956935123961489
1.289758463428495
0.6186809097052072
0.027587633011076945
0.2918317279424294
0.24105369926793277
0.10167633544445306
0.17395815310453405
0.22494906538956316
0.0010753159347744934
0.01315930593689469
0.03205683131473542
0.029400359401803824
0.16878975461972667
0.329479525226841
0.09278548833694861
0.08351791392430377
0.0884411234523705
0.25917538562334785
0.05773512592489539
0.13657185678422853
0.14196459125282704
0.0999406299034932
1.6184479271479018
0.43909718408046833
1.5242140007580658
0.8909015662622045
0.07860758617293623
0.004907157648308421
0.004310194030306092
0.0026194658467870663
0.01198429469944145
0.14928669831606572
0.3106719864609423
0.02145696709307004
1.0840085889757047
0.12116542684359324
0.030703387652965108
0.3180366858750301
0.2191638094034685
0.832519119719898
0.1283230321734069
0.1277473360606959
0.3480792199639947
0.016542195506963786
0.02109373180553325
0.012672421528229925
0.01126916927276907
0.3346544123760282
0.23142277389302557
0.08975940518232116
0.20258213273934395
0.01736522780526436
0.2056778958879549
0.019323011421969582
0.0287990650338403
0.03715492318333205
0.01214750261810022
0.16537699966195693
0.24487257901162301
0.05910653897321684
1.645664546345798
1.5230482002824988
0.10042652597946262
1.563157192165086
1.448401213851455
0.008300112356844766
0.17423589428066602
0.13252487260587137
0.09963558399382401
0.07304692522372695
0.004255302738201801
0.3798448650288696
0.3749928966514764
0.03253133811330071
0.35489749226381023
0.1526224436019255
0.00415147389478653
0.02042911036048184
0.014695888130649553
0.329549882993501
0.09602550487752334
0.05284546023729877
0.05419047783606929
0.0048545326693533375
0.06719471007585637
0.06449355676394103
0.055033474847215526
0.12403495276714391
0.09177856992945785
0.17154115475763707
0.22927410599322415
0.22185562855248855
0.28095984729949225
0.1050759308878356
0.021929191745101294
0.5168268956465284
0.6498167190613786
0.1188128694127364
0.18662347466031787
0.19149180158553178
1.3776740640423917
2.1124170271899363
0.45655387113440016
0.009503601415556541
0.17234395400502875
0.1765357702964359
0.1398474253018783
0.49083944463486395
0.400424223479602
0.3554931465121869
0.287924584446343
0.015399526998979353
0.021436069932126774
0.030771001807534396
0.35854587296204576
0.37669428084870477
0.4208582067899414
0.448517673486156
0.051868069687831364
0.04689838596722101
0.030207375967504464
0.030588688772896666
0.007804013225055123
1.8859734111965822
0.01531382534612444
0.01817018719047442
0.05617879413265731
0.07938466346687376
0.015134213065732609
0.8059908849163997
0.12077189942124714
0.12498199306782412
0.14673275866250698
0.30090129470431004
0.17000632960137088
0.44793430068327184
0.27588057935969196
0.019354130764695658
0.008502943451812107
0.7384845658810579
0.19833442812919097
0.006109429539465287
0.25930381824252147
1.6573820145146727
0.18215091990884155
0.11351890758248949
0.8532702332032072
0.0056484514566999865
3.002854739362396
0.02664576752672221
0.16463773812920585
0.03394698189729565
0.0347042222394047
0.015389592168824507
0.015603078109472084
0.12484578044965612
0.033425832132084374
0.03766268641147212
0.09149874391488881
0.07430027005872898
0.2683185720947302
0.9381700052150076
0.040366999670710994
0.04593687899057657
0.309660558416342
0.3146612843444809
0.16835910675230972
0.33371873601461494
0.18005803872126727
1.8435088662355088
0.032172587720161225
0.03022458896323626
0.163090607970079
0.061483251254397644
0.07002976035726194
0.5251860261945906
0.6272360809213468
0.02609635159924925
0.19689969643128802
0.21292175433534166
0.08982225787514884
0.7556252809092006
0.100760588507725
0.10906387842780978
0.2687267095206668
0.2901657910857537
0.34723088322543444
0.48634936839715937
0.3798310870673325
0.33569919232413936
0.17974300931493695
1.43067184429867
0.03665492038317489
0.2161176308759609
0.22032176577187806
0.06120570289850771
0.057773955622483886
0.210519488384426
0.33547882163467263
0.9131067864557685
1.221204448876461
0.06362359709466836
0.15509231461979223
0.14273293464665196
0.1420623379220999
0.022707110032653067
0.08432981508514756
0.0901706986802657
0.40519854782162235
2.071526711764887
0.5165578210142407
0.02149638168775832
0.023705748885637295
0.033365571506235606
0.7451078935445187
0.7296933501656022
0.09111325608134391
0.3056884237389392
0.05549472810424518
2.2271974668025663
0.0886912814951203
0.5654117552837126
0.176015660620629
0.05265818592920149
0.2508857994964238
0.08744012397204406
0.07147202832345506
0.04080121983291836
0.03986731146268959
0.0854040166673741
0.08271515620287821
0.0936251930488038
0.6136219762980709
1.1733303268211817
0.54619446203596
0.5125793973197051
0.13397213569342925
0.13857479677285534
0.05790452607268213
0.46116621922195344
0.07205079367172758
0.06426180182227693
0.3560320831336373
0.2702260320532944
0.43923848698453644
0.13645860090100628
2.8943384674538364
1.4997935619860745
0.08975993293069878
0.10299177196596548
0.1120425687047894
0.4957116729701824
0.4709805385746494
0.60848549514645
0.5802069016356984
0.21611659607904002
0.18852187811712062
0.050296725689487294
0.04845150817197962
0.8474140471889381
0.12107066383336015
0.36917870714027573
0.012170143330599093
0.8067172669608357
0.009164194032344716
0.07303365259358764
0.07348318118176876
0.07680101937168647
0.09447523427323516
0.09585688424796118
0.08408345841940093
0.9685009034781304
1.0025253217852075
0.24353700253157826
0.10026437700888353
0.11958665126405445
0.18409423729899954
1.199397228229484
1.0094794593665883
0.07204315421167942
0.07547134517392244
1.471975047822895
1.6765495716801286
0.12291457638996801
0.09177964578563354
0.3693095966258558
0.16886438900872716
0.37588263301875674
0.02301259994375537
0.21807797435732293
0.7212029174882698
0.7341978285886904
0.43707161157312374
0.5086822191404382
0.6281944075843714
0.05207109905357235
0.5543023382794002
0.06655374334942636
0.0874590222272089
1.08470517602995
0.8056963311474604
0.3711129761459591
1.3903703938701202
0.08246701727345943
0.06403435247582952
0.1766927346246847
0.3445513297724393
0.360525183993258
0.291749250608467
0.06910655704693237
1.238442452140756
1.0921875465625768
1.059442100178023
1.006844778218558
0.022080763858918197
0.004675257035900064
0.006987743468325049
0.5417005804219532
1.9835555455944291
0.18118276561593177
0.05595782573366523
0.9572784225846985
0.06194682203264186
0.007948722455015935
4.116403468835405
5.148485261478952
0.07183920742441224
0.07801187924063696
0.024190395574118454
0.025889373440633547
0.02936614975682636
0.02977782874830497
0.04065934463536278
0.022451092273147365
0.16485947123858208
0.20860084608367976
0.7267934874550344
0.6709134497718661
0.5693367014671383
0.6070841912032501
1.3997775604785438
0.9661664678562888
0.2753212924095968
0.26620856820392014
0.6506500598204306
0.6008437230973495
0.6011412114390026
0.00617491145921552
0.2235607075441861
0.10704781894951378
0.11621482243101344
0.035263673956244544
0.04760493137351589
0.14888363930108126
0.1860096310734076
0.23710235543572475
0.21258070553186684
0.2542420214568386
0.3348863896123825
0.24108516953156786
0.6935669590087982
1.5609071144016526
0.22507097675136942
0.22860512500699728
0.15880034993257006
0.17814227478431996
0.019489227217480358
0.21270967860578072
0.033175830319677205
0.012543165445699313
0.18128280427467014
0.09471274675866474
0.5595311593256418
0.06552368375533332
0.06929075845821314
0.3449086586602746
0.1550709845233449
0.2732709898866005
0.2913560772518982
0.012393827920668319
0.2902410676452562
0.11017561371520343
0.2640380935482801
0.4198428613020757
0.4144496560626812
0.12836557730624076
0.035091655815178896
0.07684444986530588
0.0731586744040018
0.10481538886997924
0.012974410428756758
0.42188914028439134
0.18500182544574212
0.02383262048024895
0.5658761871402057
0.07304210473579993
0.49387694144075844
2.163493759352956
2.1931639875846574
0.24453498268441934
0.19843897780168904
0.026545129479637147
0.02522302189534172
0.6337814577174845
1.5631059064950361
1.1064123408049802
0.03793234654885945
0.1580374156661969
0.382685318162465
0.3437007230441222
0.017662738579500056
0.10420010994417242
0.6596412564063112
0.6345151497799381
0.04052392354919127
0.03394517865575662
2.85168877099523
2.3508010444917504
0.03808399047812937
0.06400156228218971
0.09503946862752849
0.1338811759936555
0.14465851907791474
0.10873210851571831
0.10884643601845846
0.10416948643700986
0.8512510433025541
0.06354850238021674
0.04760222633810141
0.9067688800096056
0.009275206651426643
0.10699367138220403
0.3766486892034823
0.38037701625256864
0.426852483510342
0.3947700880308544
0.33683548798298607
0.3743424226856634
0.09695781595747742
0.29299007701847524
0.5340533257560383
0.41259102735637043
0.06325529261613447
0.0038757042870089533
0.0036016807827426926
0.17903491711136593
0.11527788504457598
0.1862644288690916
0.6205811473709919
0.9219367947869354
0.9761064513058443
0.14285270687758983
0.030923062616676166
0.15909291343442752
0.18680396410624356
0.023694166373332663
0.31117442339662565
0.3421715514042026
0.050815790712716094
0.06831723130750124
0.521457744230414
0.46614176342864166
0.4554825710149245
0.46059708100457114
0.09808297667376384
0.10278824400612158
0.1762144516984441
0.18840132328440348
0.10723179329672934
0.05128039923255912
0.06425456438030158
0.13706979267847816
0.11594822046285598
0.11295784307735511
0.16231843312371128
0.1848473343093899
0.03754472805700564
0.37699242392040905
0.14182351439603097
0.0396330862826764
0.06327053254166778
0.28236218467500734
0.8592654117629817
1.0202859615777027
0.12768120744569464
0.19750263628782766
0.2088264615856136
0.15998160502467185
3.603348549289248
0.030189726032442653
0.010162448359120587
0.578578468213241
1.2697384655411754
1.0884520756901066
0.4602233561857224
0.44340594479092993
0.38073988217252036
0.4233781400124515
0.4412939440365114
0.20263866675502884
0.2831129501111951
0.26442384185739215
0.13889663918967982
0.2843580494091008
0.10096682541783414
0.035987145097542514
1.7407199909779922
0.38482495038951187
0.44389728648446825
3.446383287194787
1.4327527194318561
0.18091494674500525
0.1908825464729937
0.14041955154043123
1.2037250121856162
0.5521480339091388
0.8813582034570785
0.12269797409708613
0.01043386176264395
0.09245995693827908
0.2234079239436299
0.0041883944601014385
0.34686117790208654
0.2817155490946392
0.1805878000403244
0.278259663404981
0.03389770600746631
0.9488050840349251
0.34901119681446224
0.26598248073743724
0.04765317137844689
0.04937361732062327
0.028375095959798115
0.025598150769679404
0.07942209453164038
0.1379363863668595
0.46316645132640744
0.05054175625737484
1.9425970768955323
0.5368008012675537
0.32159375284444186
0.29147585975204404
0.16918228795135407
0.2268867875262018
0.2877481513346344
0.06016426445981827
0.12173041918325359
0.13661729462569877
0.0660111517276661
0.8414882093336848
0.9199313626206598
0.013411549337276807
0.009639810750676327
0.016490038149662965
0.3119398844433626
0.03683578045538433
0.14797228732697962
0.18884767979761483
0.18121038281229984
0.008117458036455869
0.26407628371111913
0.04084737819250754
0.03162968350789699
0.05842553517559037
0.07998629018339107
0.08511206594280225
0.4425983553764459
0.42826872701012536
0.08845095064085164
0.08562419264968782
0.38695910378222576
0.029916499192987302
0.039287756328962344
0.06587925435224559
0.0653375481381659
0.3370798571922551
1.7667319634457979
0.03547380581599228
0.03521359142854622
0.017669275912733207
0.4153277779468862
0.14711375626367484
0.085730328519006
0.03848173213362712
0.052566207379135435
0.017578058257421966
0.025266695117851765
2.0599977342665983
0.09869048141224598
0.9188510454974363
0.5813408162108644
0.23120622003417973
0.3675776534359784
0.02756767438735382
0.2885802734216598
1.3008409541226016
0.16278607779660131
0.1220811789116617
0.873018211612577
0.8242801413935612
0.19869353269933285
0.0609721747144527
1.6185952488725712
0.015107158226793652
0.21811191677286612
0.14517882359653608
0.46844478660116695
0.511276421177052
0.16965655200653992
0.16208901045584015
0.06659938460583364
0.02266648445474698
0.19875463932249562
0.1462398740517164
0.020630651011273926
0.6153282432538748
1.252883440343595
0.15737679005188815
0.013754316774239071
0.7635966746810001
0.7429366307519403
0.12742921711251728
0.13900698843483525
0.030785134218178987
0.018846034555340355
0.03073376387171424
0.031099491013739707
0.16992572309052656
0.495721634803343
0.057005632583304384
0.061886164806018586
0.06338778116558007
0.09821205232368736
0.29077265129060037
0.014956750231378066
0.014636170764694914
1.1329120328092048
0.0960630196408139
0.09624120418767101
0.030246110723233473
0.34598137208426083
0.38549562278467464
0.11775355252886366
0.1450345789308781
0.02932710958690516
0.6092597355664966
0.5232493321966797
0.23948981433500155
0.19023459090450287
0.20736480798850568
0.0031118636449128673
0.029862137207971498
0.05797056990173195
0.07721614754657768
0.08370814640939596
0.08117896248315894
1.9836968608485135
0.3019829331155268
0.025499179548663844
0.523119144655852
0.8798001574565311
0.7914594786656594
0.6423834351104213
0.13138780544336484
0.10978433109298906
0.8510033323212499
0.7367604996580229
0.7722535455207662
1.4254700894065713
0.09006725251580293
0.0939439476054356
3.316985031629818
1.358827442765079
0.8931955745160084
0.03424382360707336
0.13685188129671974
0.026154432740803223
0.5149775607722905
0.11369135458438172
0.028969013128476676
0.1135537226073826
0.37887542159380483
0.4973463525545705
0.40481882029025384
0.10066318957199821
0.10325217038400113
0.10175388388958273
0.09609375279583826
0.09181804724526803
0.08450343922745063
0.018932907007530947
0.01351350741117036
0.012516747212140548
