1336.9377381451077 1.1371221763001972e-09
1.5620064540643967e-07 2.4810660046447524
37.60832347020614 3.4676208964847135e-09
207.29170344894743 6.774804269497342e-10
1.651603777195276e-07 5.502103210884034
2.8347951518517003e-08 0.4151421363162798
3162.812248656931 1.6038060885256046e-09
5.26522753646258e-06 25.839170078942125
72.10460087178878 5.065964325792847e-09
3.8572819200567036e-07 15.67565602079019
8.274223328792271e-09 0.38958814272510145
1.8945828195493969e-06 127.37607783986613
3.6922920239835816e-07 25.16534400438107
956.2926503130722 3.378284498739501e-10
74.88253056100432 6.889864392274486e-10
338.9885590969898 4.5081085796582124e-10
8.135381427680411e-07 32.69279809415536
1429.692895565253 5.49023241553251e-10
7.73299901503943e-07 21.67163355484233
2.2702854835863962e-07 3.308635959748014
4.472931816514543e-07 6.627301306134515
8.905909448198464e-07 11.80518516473663
1271.5385168058624 6.954864834018069e-10
2413.6872885935463 2.0319025765714134e-10
4.117439247019275e-07 133.810603571322
673.1800994368517 5.372260441063019e-10
580.6142277562248 4.925440850224477e-10
3.1918675757920513e-07 15.477132274263859
1.767191252568129e-07 9.453559878441204
1007.4030557122154 1.8512740553840535e-10
1.501659773680668e-07 5.703214668523168
36.21858628368296 4.251011006098409e-09
1.081854153728711e-06 7.48293717608026
1850.5924695284928 5.884997979528238e-10
2.776210980955289e-06 16.76377422798209
6.705388511874585e-08 10.501596875373956
1061.196209110585 6.503977371362437e-11
2.0505671882582686e-07 8.698239906999174
1689.328348355865 1.8127139843170008e-09
9.139733557464254e-07 39.898431495459704
1.2060571161168118e-06 41.920512635568
384.29945253048066 3.802753238236165e-09
1.5709559795787255e-06 13.435197987341963
2.3078330125657278e-07 17.992430791546205
793.9524351796331 3.624350185507498e-11
2.6887320406164443e-06 15.974183191255118
403.47828434541196 5.2492333862518816e-11
2.643841463011386e-08 4.989492302579247
603.1320664281111 4.072886326070782e-11
3.280963947155056e-08 2.753136832318753
2.058196593967435e-07 2.9653258697976606
4.409423407123191e-07 4.515283128786067
6.383422509006468e-07 7.016805409227342
1852.2512310723573 3.442137477799874e-10
9.221073769301728e-07 62.55041114141633
678.426496581552 1.2384381773053513e-09
1.6387554327039133e-07 4.065591011477066
6.480395859666685e-07 37.85355744532765
2.452660827769039e-06 26.289205059822333
4.924524602746e-06 25.061734615123086
2.589518384596811e-07 69.75260356861457
1.5764014659856912e-07 3.46352708753544
3176.547969972738 3.3929051450821925e-10
8.17240590462188e-08 1.1965111551681553
1.7931537349828647e-07 1.0454435401971762
2825.0529917020035 6.304354139964667e-11
301.38194580620956 1.2019425407585012e-10
5.5909543759620403e-08 1.821225579277132
5.559041570437102e-07 1509.6392621811776
1709.7195141757425 3.2807983203607017e-10
1.0072186951639869e-06 24.228789293988527
6.441627663931666e-07 13.972990581142668
9.191831629207818e-07 2.7565354093182335
2437.671511968653 3.7684737961645544e-10
8.978719428837517e-07 145.80974602659464
1340.565898328957 6.242514286514555e-10
2.66627676549494e-07 18.642711926755105
2.69050136551708e-08 2.228895936498305
1593.5397046205157 8.807139470976651e-11
1.5149782085804573e-07 11.456628811910853
64.50864407350585 6.779496541438019e-09
1.4109220166413767e-07 48.122127937414454
798.6237200842644 1.562333328470576e-10
248.26444402158697 4.905750410965128e-10
1.1896879717219934e-07 2161.701302395641
5.469065407764381e-08 5.874888122597727
5.300451994777698e-08 1.1628449053799015
1695.9601264890644 1.424067034031631e-10
4.695071865634667e-07 1.0577182583165823
1.3308362864357853e-06 8.998917767994678
3.316262700290335e-07 2.8122859422223083
2.1039779162252063e-07 16.80292416462574
1146.5236642582076 1.8668649398848824e-10
451.7350310776398 7.772988284279207e-10
1909.0149585814347 1.1134818520003123e-09
2.2120996243543442e-06 24.723254303614528
3.8085359577203336e-07 5.620856282062586
3.35792685080332e-06 47.4184395644596
1.2323948074431428e-06 8.089640272367769
2.6846868233548933e-06 7.890723323450175
6.600637151433675e-08 22.630502698102745
1130.6869253459286 3.5884417126021295e-09
4.109144803011661e-06 55.02758758108908
3.796523057743795e-08 0.9497029229821422
7.260375760897598e-07 31.917788728841188
8.790186944528395e-08 0.15824564194176713
898.130923532399 9.859325896528192e-11
5.995071975930995e-07 47.72946875232234
1.4483032253544902e-06 6.964694219909573
5.999582915016183e-06 19.783918042666453
93.10695591732402 1.9681357034183347e-10
1844.3782648223269 7.694108146107015e-12
2.613847308711913e-08 1.4879689227381787
1.0665842329777388e-07 0.8512858500033504
142.4668892968305 1.480223455917276e-10
383.4343144869984 3.3825545414200078e-09
1.4046396444146644e-06 21.83687689281629
8.440381209801977e-07 41.26150849744161
1428.6855332315529 6.206460232614768e-10
1294.9038511180088 4.76352140307625e-10
8.882619073256874e-08 0.7771988548773155
1507.3302139948987 5.860701859677751e-11
1046.0103508771006 5.434307491646959e-12
347.6573220217631 1.7198937329601047e-10
2.679143773919519e-07 9.813955776558734
1.3397734195013253e-07 40.2166538281201
1693.1482860362955 8.791056895858958e-12
1.9505365823839387e-08 2.936726813109689
2074.521524196583 1.0533062541319299e-11
3.480428207631091e-07 11.780683932337457
3.2386212024162727e-07 12.022163331321694
2305.4109647094656 1.4283366070933282e-10
593.5208995514779 7.958622064517514e-11
4.7665165783669006e-08 3.290435378466173
291.9189714610756 5.102898735716772e-11
7.607602207533739e-07 13.413312653869093
2.652018326267889e-07 5.41888118512797
1765.1228593170408 2.2433560020071345e-10
4.38031669486796e-07 9.377270273049279
1.0712740887674875e-06 60727.18866661362
1.2303569499122025e-06 77.47085941516357
406.3383913251576 8.554828522634777e-10
7.238298064703128e-08 1.0908615450899812
2693.854966467354 2.5967404191162615e-11
7.535921048520968e-08 3.1763518053911164
1024.6752867195569 6.920984913085569e-11
765.7253249299029 1.096125050872469e-09
1.3096245105998798e-07 14.523639319585776
906.6091292267639 1.3628677487220303e-10
3.438590591875837e-07 6.1381339039950875
38.380354037125436 8.516940501101062e-09
3.242642783595701e-07 6.475032875277052
394.48087077509325 7.769801533330376e-10
1.2254846782181e-07 0.4480244562287806
901.7598422772238 1.3644024031396892e-10
3.1788245121767996e-08 3.687632208991281
2206.8151091940017 1.3915981439744769e-11
1.0718077107933364e-08 0.588274298750578
4.335962261683865e-08 2.2128597481657772
1563.6229686044312 2.785868268178619e-11
125.29201047695575 1.185983584809352e-09
1.1916138958863292e-07 580.4448350871255
1083.5272535780973 7.424030683770695e-11
1.2275412573270697e-07 1.8395863819240121
683.5573752363168 2.619292863458693e-10
12.005925217080172 9.4971458731916e-09
1.0794309513493847e-06 78.60425427373737
1.3988777050767804e-07 0.17080121282716715
2256.667122109337 6.343482449590441e-11
6.027448468247157e-07 11.056682011139245
2.959048849837952e-06 135.2688616133508
2.982667733597454e-07 3.7864811761215917
2404.7851014336748 1.227265715284021e-10
1.3761018793104788e-07 2.5029891113183713
382.2202204211676 1.1916468877422128e-10
6.324527892673755e-08 3.0306743289250666
1093.5719573369915 5.858348974126719e-11
6.306053160970187e-07 13.655061133463272
6.054837168081665e-07 49.39799373561222
3.879894233865214e-07 90.52470351959202
1413.3741929761557 2.772846379905016e-10
102.5781759298943 9.10103258917344e-10
4.264372342622874e-07 121.64024722302398
607.6403880081584 4.392585392667549e-10
2.631227234142147e-07 105.83658022926274
2.388617946618924e-07 14.445322392762973
4.313869468691576e-07 28.85353772163851
6.064154684956348e-07 5.95252326556478
8.055308241265708e-07 4.52110926981863
1.2226391184570483e-08 0.658196840202304
1222.9591656150196 6.223497798526501e-11
7.507598472126209e-08 25.761860603119086
947.7221299587335 8.51736486421726e-11
2339.7789956564193 4.082883844254741e-10
1.0291574186363885e-06 10.42603103558558
4.0394745793150717e-07 14.054253207944571
7.323176094139132e-07 17.01730012425204
5.878971089272507e-08 0.7079885001959729
283.93039063369804 1.971130375911017e-10
9.508924684920904e-07 3.8632027818828045
4.2924607009781446e-07 4.119406906879785
602.5742885933873 5.037168187425988e-11
4.1989343370533113e-08 2.8675020342120554
932.536656688 4.887765222244675e-10
2589.1959509082185 2.044897990625477e-10
1.0423727245895124e-07 2.2006480702692444
1.395283580501133e-07 31.4760018046087
2797.655002435618 2.0279226511960147e-12
1.276168889710023e-08 0.7703811155224617
4.084873005090543e-07 10.316804211905158
1.2704305377590017e-07 5.22422831326734
1.1589593634966056e-06 41.95474779745972
3.215324927854557e-07 5.028109424913519
1353.7535509917911 2.0579266554671624e-10
6.628521235888149e-07 8.881566470190073
2318.281679619149 9.62776189760949e-10
2.3820975527336407e-06 14.891582857187458
2192.5783813455373 1.0855778316684652e-09
183.06029843120868 1.1634427830404488e-09
1.4208918128823351e-06 4.3743882301279315
7.513318327854772e-07 4.138194684189226
4.079954715102812e-08 0.49741867593452116
8.863207310877358e-07 80.29764320716366
361.70713039779787 1.4600392991799333e-10
814.7157305211167 2.5113254329079484e-10
837.1506416805069 3.2484375414995893e-09
2.800557479272916e-06 33.4260751246563
755.7377470771956 5.889603195823635e-10
4.474659391733788e-07 138.29712536032744
2611.475490914403 1.5882994775202715e-10
9.410163324095327e-07 10.46380548253981
5.379572300437895e-07 25.945178557537506
697.7285268734687 9.734125064523307e-11
580.9309996647222 2.58807221012401e-10
1883.838513003374 9.18973755940227e-11
1.8676316997074307e-06 13.39722269526375
2951.4019697988583 6.047559480561769e-10
1071.6424519912364 8.660035054679786e-11
1.4040539049973393e-06 25.621691142878298
7.670917800948357e-07 2.594908166081856
2566.606020818472 7.265575605540163e-11
1.9038530032759295e-07 50.276652578892524
2.6949222345647757e-07 3.646962462210808
1.6629394538083804e-07 14.057127352097563
399.1355667329859 2.0347592288476127e-09
1.38927932764112e-07 17.5182703079495
8.512993468451146e-08 1730.8172813496228
1302.0803299433283 5.8015651247263466e-11
4.897900499360494e-07 6.938205819888949
1385.0948679805015 8.77566159751482e-11
1441.3273883414493 2.5025520920192165e-10
3.45990744273049e-07 126.76948085178655
1248.9643088833452 2.903930628244728e-10
1.1434361386691782e-06 28.846541096119733
8.533077441532465e-06 24.03050783267856
3.126551782999787e-06 2437.2077690435963
2.3073948454949965e-07 15.669534802377495
125.80240787952319 1.5310187012704112e-09
1041.8553032587265 9.480998625049786e-10
1.0336558117314206e-06 29.948317030187273
3.274767803378949e-08 0.08527543705163078
323.6447626457718 1.034791777976705e-10
1050.2388178285896 6.518015899296778e-10
7.328698555374109e-07 19.09319689721854
1.90219455103034e-06 275.7530847088782
1.0278415986618138e-06 84.54982195613641
4.507145804209764e-07 3.4445060303136854
3158.57343727607 1.418891045855255e-10
1184.808842504488 8.339481422386526e-10
1.0335620809332467e-06 23.328645003443405
4.5774457843193493e-07 20.34034306415319
4.534891570639514e-06 19.424370744502266
528.9094878546135 8.568138951677646e-09
1.1622138742035826e-07 69.9305995142758
4.0437033821483055e-07 2.6982110689037935
340.2641089012232 1.5651915174427726e-10
8.077903900180568e-08 1.797310793676633
2.127073209934152e-06 172.65736730410305
2.471417869727238e-06 92.34790336733994
9.348863454422231e-07 13.905730673351457
627.2905726193616 1.3398060178400761e-09
1.4396425526440726e-05 49.083050365136074
6.420211905004865e-08 2.071786308339125
5.812524128463829e-08 39.32932635792666
6.341330785475031e-07 20.20222100623627
183.55628971624668 4.589918597487458e-10
4.3441429775197855e-07 46.54923700257094
254.79111421866065 1.8059626729354631e-09
1.8597744720100503e-07 5.130519637481042
1130.8078170416707 2.778379339855484e-09
509.4853185909823 2.367692909379282e-09
1.29734968925728e-06 13.324401589585387
1.136071703369496e-07 0.6041194905824945
3.5247099179990544e-07 0.4260487392606603
1.4704572751036732e-08 0.6257533484969392
5.191224973109549e-07 16.203644625512425
1.380353346396109e-07 47.35205175550685
6.891386264424318e-07 2.778534259768461
5.148093972671227e-07 0.48179899871158005
1.6789762229044748e-07 2.565934414220421
5.994869059292931e-08 2.7260716124082687
1.9377059479185926e-07 3.623921370712085
1.2938756840690374e-07 8.481719870383536
3.057290053918016e-07 62.504547710790746
695.647378004762 4.815752723621592e-10
1.3736588607657999e-06 54.28949119017489
1474.6175241326475 9.790200009042292e-10
1.8472574787555663e-06 48.225854752037144
905.8687359114683 2.008072015097014e-10
1.9797459910556458e-07 10.979312284968787
432.18890919508897 4.118983513327816e-10
5.268588034201167e-07 50.378238091796426
250.08341762408995 2.113452531266976e-09
6.766009565389465e-06 48.09824902995614
2.98557600092438e-07 11.683718874856067
739.147771511985 3.810048630004996e-10
742.6003234862403 1.0763426037321422e-10
9.09550537833957e-08 5.7821037573145535
1.9116859845668155e-07 54.55868014697857
87.75350306337468 1.8523555841786825e-09
7.40522400641621e-08 0.7993057197615745
179.5558574793123 4.2728157046470393e-10
3.054878732905392e-07 4.029212652138061
140.49282863754672 2.690077332671801e-09
3200.624155093068 8.150609152172372e-12
612.2960376670517 9.621555914462213e-11
264.7609684015112 1.4852317748165993e-11
1.4852434063490165e-07 5.182811874690815
6.42941694460465e-07 7.7670536687437925
5.929041509217237e-07 73.51762262078424
60.97776950591473 1.385949533368035e-08
7.207726062248002e-08 0.6516676045465907
1898.5176432757644 1.790661536458914e-10
9.901498596937145e-08 11.316806255831583
9.131649206395253e-07 6.7039699299275055
1.996808104215763e-06 302.8975960985024
1306.6279076668432 1.0726619115383332e-10
1.4432986033682577e-07 32.6447453622192
1425.8227107408106 1.0902966572361927e-10
619.7430240030127 1.1004477785159544e-10
1.115407234388184e-07 1.5657119839224938
1.548486289048072e-07 20.02948945103782
6.401620913469973e-07 33.33707712236128
275.57825380917086 1.8544159810417665e-09
5.069172125265172e-07 1660.7326505631877
3.153265096098158e-06 16.322095440177005
2.5673555279061925e-07 90.67482322175728
3.4471703972936073e-07 0.21791091726184747
2836.505891313531 4.61761990158434e-10
8.399159875741555e-07 37.5607294084705
1331.1874384345151 4.252317290696192e-10
6.223306255744695e-07 10.95945133327259
7.001307717652834e-07 126.83967762169044
131.04361308839893 5.521085643030301e-09
7.005072631661184e-06 244.93564423112053
8.119308322356396e-08 0.8847034786323471
2.754099198168718e-07 14.284411944234273
2.4403452485498783e-08 24.974009096317527
327.84565078024207 7.244706184753252e-11
1.4512716164508375e-06 13.483818741075758
4.636056145831692e-08 1.7125071869166497
2.0701935481241955e-07 7.682209183663701
167.74951008852034 4.5826061309472825e-10
1.1201611665644482e-07 2.3396791427238126
1.6755058389012851e-07 5.422069647292749
5.188678592751155e-07 7.350288157904094
1.3940092006823234e-07 7.6056769897952865
143.69514946806666 1.1842124000716571e-09
1.656227533337764e-07 1239.8439046713793
4.6324580213010367e-07 17.052976626259035
1.428200011330481e-06 234.37529341682196
1020.3653374049496 1.4065062659982477e-09
2038.2239376729594 7.816945327479107e-10
1.6492740901970146e-06 26.916897594453097
2.4390967438497076e-07 1.4165675730345495
2790.047986459078 8.750247979622027e-11
4.342105685163524e-07 9.758900621790092
3.95112789660775e-08 8.9207745222841
1.0683700827408597e-07 0.8797441523446177
6.920996695481897e-07 5.696713122885141
3537.3337987189348 1.9108410896344434e-10
3.4587876277122843e-06 73.95079743539036
2566.101941551669 1.9948367688968281e-10
1512.6914265334174 1.0227003320752938e-10
3.2840912258314074e-08 36.55671025689991
2.1975629448546177e-08 0.5863189127448115
6.775259908140753e-08 194.82876318606208
1083.2672521438376 6.486296206745954e-11
1.1834658501903374e-06 46.01169254401476
6.909457436762912e-08 60.53188748997925
1.6262244018975622e-06 13.019339091985634
1206.134228792882 2.9599287550387626e-10
3.5748045917826536e-07 117.63051897387302
3.0538691694237026e-07 31.631684804257073
266.55100879713 4.3754765529532504e-10
1.2731664079153796e-07 11.297197353140811
940.1728998470259 1.6056751642954898e-10
1.6986844335497605e-06 13.631798911726246
9.835352831858303e-07 133.1386893296428
687.524645212333 3.30111923089578e-10
2252.023574091518 1.0843518820338212e-09
1015.2246533460296 1.9880850111946268e-10
2.0732645588509672e-07 25.678053874673786
2489.079922921643 8.595599951717293e-11
30.706729512626765 1.2553115944557905e-09
1411.2897066689725 7.440117899157648e-11
1.0222571684658924e-07 39.78453658446384
1.6442525616253753e-06 42.53307091084888
3.6468420589165116e-07 43.25705775574237
382.14161652021136 1.1371313175197276e-10
7.845859495412507e-07 11.705669881099045
12.02102705278601 6.242871501795843e-08
5.496941750454384e-07 4.4830000880104794
9.415531022500004e-07 11.227757944522104
1009.4388393568133 1.2997011742499036e-10
1.4979335771189635e-07 6.3045961995268724
1.4558802824708257e-08 3.520676068655703
7.424127726263026e-07 5.914382915388068
2603.5365899183917 2.8260714044116504e-10
7.788211075470467e-07 19.121187203358247
2139.38780133377 5.354012091614081e-10
1.2760717849430336e-06 7.83732595928077
1.0481036983266508e-07 28.255682143798982
2.0142813135502994e-07 7.857421294719935
928.001204810377 1.3233228736336392e-11
6.325293075425015e-08 0.25514485579674
9.38323383340344e-07 21.320905731153832
3.5700660529263745e-07 6.225384079371863
3.521970417913695e-07 0.05360216632503289
926.2363571891398 7.280874994675565e-10
736.5665751392039 3.16542072399365e-10
2.3604322497547746e-07 18.50288084311725
2.914578194075565e-06 2.4760809383026
162.89045103389864 1.2314974486126741e-09
814.1185120039249 5.423917449487284e-10
429.8456489010921 1.0691382695095506e-09
1.336522699336063e-06 14.355293185341207
1.2430885776802843e-06 63.45240568175085
2.855083405552305e-07 16.536638385135618
578.1255313221573 3.8472986738711203e-10
5.482359132809533e-08 8.605085528105478
2.7518359643052754e-06 33.73342949766691
3.465727768857888e-08 0.5735556669293532
1220.570710581273 2.6808420621534634e-11
3.558375231081327e-08 37.723539960533934
1470.4411331761787 2.664793176741427e-11
6.14070056161329e-08 48.94610213202249
1.1097184958607147e-06 12.910183316419827
3436.9971919581344 3.20424348210747e-10
1.2152936302029286e-06 7.991121913884894
6.247423808275686e-07 16.540313759968647
1.4763574362812517e-06 33.27566237595701
138.70839152307653 1.0545435945958048e-08
1242.8963032451911 3.1905584671124886e-11
3.895838252354721e-08 166.28208884870395
1.543636097449127e-06 7.173440177836398
1622.2722840193383 1.0125750795790293e-10
1.504965298928559e-07 13.991556509942514
6.946036391164243e-07 17.889592142946736
644.2102533231536 9.965175685131334e-12
2.1224170588464186e-08 0.3986011444833204
1.9496221490110277e-07 0.7836054744761527
1179.0092189311426 1.3334773596574888e-10
1.5156442338668594e-07 93.7460311286945
368.0087084094519 4.545978831185653e-10
1789.838754792919 2.1152230111662672e-11
7.049588523833819e-08 1.1528855321081315
7.999288873664744e-08 3.058698528590833
1877.5136349284921 7.30213824345259e-10
490.16441679834196 7.679390182575236e-10
3.1540316549838225e-07 31.15890335318686
57.65980503136594 9.207031662085495e-09
5.318462092975493e-07 83.36295528187256
970.9125020779327 5.540982267035457e-10
585.5690120065232 2.8356894682208144e-09
226.9564655275442 2.472268888089189e-10
3408.8342841418503 1.4748190861373256e-10
6.286694325298797e-07 4.015639826041789
1533.3602974662188 2.6994568717611914e-10
1443.6985072284176 1.7268857153860874e-10
3100.194773416925 8.152535675640078e-11
2.8588654646396854e-07 7.248556718556199
5.400517095097675e-07 36.15330955054587
330.7844711336571 1.5258266619633133e-09
4.2905429660801154e-07 2.776924883165342
1468.0994321351602 2.848608698484473e-10
223.83190110937446 4.1380148973269977e-10
1.9529304048873197e-06 52.60552065434139
2492.604497196329 7.849310796546472e-10
4.8488826219045e-07 95.39242693738407
2.943490614701421e-07 0.3489241602950177
5.0537420692037425e-08 11.33850607603701
5.0749029049570445e-08 1.1331200971632034
2756.9554281476826 1.812775624961296e-10
2.0931982342679897e-06 280.83292199815395
4.4508746190211007e-07 2.485711958702217
2.6576174530767296e-06 131.6453057508395
1.1265004508987865e-07 26.559494274246788
1840.2381515451555 1.0084299024126181e-10
2.019119092605379e-07 9.853827000035201
8.148626884055881e-08 92.0932052630255
664.7232958652652 1.1213726606707562e-10
1436.2750820680735 5.900419956240271e-11
2.5037554636062283e-07 0.5102750240899396
1.1939168332679076e-08 7.564322465059757
1345.876898405933 8.744550730203817e-12
1.1627561300773984e-07 17.57106882655155
9.76944099152547e-07 41.38185655711412
8.487652106267387e-07 8.066709801809408
2334.5368090847774 3.654034580196769e-10
61.872602956057115 4.854906262380503e-09
3.053712938112514e-07 35.368801191440724
759.4201015672378 2.1695108054813828e-10
1.7831672402614169e-07 6.611016034773172
821.579516757123 7.274590593540322e-10
6.081191746011527e-07 61.90844910607374
600.8193972360674 1.005390242138837e-10
6.639610390055035e-08 7.72580528699225
2.2297638486396113e-07 2.7502034330133585
2.753692977875355e-06 22.947733075573147
1.1027137191067435e-06 70.51527081011507
1513.6475675077224 7.359921879954274e-10
3.7323819935050954e-07 36.94602458276901
331.0886841595272 5.568562011787776e-11
4.9859775605487085e-08 0.5972105032555076
6.01724324032702e-07 11.992179929821722
2.4365873218440325e-06 12.284596390980179
546.8517618948612 4.458692372295174e-09
1.3551036306439934e-06 2.368294596374433
3.1671197001058175e-07 182.83166452368658
1250.3655636058454 9.676194703600145e-12
6.427856679571599e-08 0.23260048495042981
1703.4167847600484 1.2340499875623595e-10
2.8653545939331913e-07 2.7411590887763335
3207.806010115838 1.9841353283983688e-10
5.957342876598079e-07 132.06053820489277
1.1217502805367835e-06 71.9645339715831
1916.1263510635536 5.700833845389419e-10
1.1476539408978772e-07 3.3300249925459307
2007.7330432211004 1.3763281787949667e-10
3.0239660662689144e-07 11.128851187435625
6.713559668279338e-07 8.754436119751695
2.4536014310177107e-07 32.94670402223223
8.815872013373413e-08 2.8979335017076786
1001.134163079164 8.491677510807299e-11
2.7803774767249794e-06 52.58151963934847
9.343845273968778e-07 24.89199577709329
2856.5813291735944 3.2485483983780717e-10
1.7867749627527889e-06 11.99135631006174
3.440565637153579e-07 20.612890678032873
1774.8540610073494 2.0489039106437652e-10
5.261664825471275e-08 10.367394012674232
2.5087397583413067e-06 5.427704061145691
635.581639171553 7.089702414613223e-10
4.79593773315079e-07 18.08497540930527
340.32102249689103 1.3096128501569634e-09
3.037332740208727e-07 20.30106149762499
1.0590844500270805e-07 36.01612373172672
283.88330529132304 6.337164469345109e-10
5.140432666650782e-07 0.7680077148285901
3.972972312649252e-07 2.9546071511044665
2.199654086755027e-06 724.9738552457517
1743.5089426707482 4.024078706061845e-10
7.011778103028089e-07 61.65550674009341
567.6295908359515 4.6326453419299763e-10
1.643728498358707e-08 0.46878111432871233
2.8922919366339635e-07 6.6686167817642765
1.8064127317386436e-07 186.4608831637239
309.04354517909917 3.781263470774574e-10
1.5681927949672222e-07 0.16924588449374323
1886.1458631161656 3.745197360413272e-10
911.1111501942996 4.94378838838635e-10
4.5094294279068357e-07 41.68868226421654
743.5600616685188 5.543206825398845e-10
2.9660241809027844e-07 29.732134979274345
3.1302375256425666e-06 42.34550025754237
2561.525568725882 2.2751041179184685e-10
6.031382682128169e-07 115.4019571275276
284.6219673033037 1.0490915479817347e-10
3.971119693017347e-08 4.062752856408477
7.127779918918441e-07 1.3088074705335302
13.861392337741595 1.7124403789942918e-08
5.4313766417109085e-06 25.547418458388027
3.946644408355056e-06 316.11291798289506
4.1685525800455856e-07 19.59698931325475
8.057687890149614e-07 3.856639139211286
7.862199949913264e-07 2.689966802966991
3.2368232029934743e-08 28.76178349312288
6.520583236411263e-07 40.38213883585836
6.243828566957882e-07 63.72121339629908
1322.4408221391404 5.109931502630979e-10
1.0808490260136155e-06 1.369050281971349
7.698387848748951e-07 69.43995081627402
2763.1028401609447 1.822410766887871e-11
6.806635469480541e-08 2.8788585778952926
16.043438137689666 2.1993265893179735e-09
4.347028845283005e-08 7.121376744949439
1437.4804899205383 6.99271724155767e-11
8.339022064119272e-09 2.351455857688298
1347.162647576522 1.7015875834320725e-09
2.4846442654245133e-06 11.670590432892261
9.653176966325196e-08 34.49715176931541
1261.9364360302536 6.728041264903627e-11
1.2574432913661081e-05 228.18242190783772
1.8275545394304793e-06 4.907441590776399
1.7808497655936276e-07 22.591258219775508
1.5558775926089991e-07 12.029610376290178
5.1317035484144686e-06 123.60011223827925
4.18399245361608e-07 54.656075774894376
5.167337776811108e-07 22.844668545839085
1.1402780918926566e-06 4.2823075686821435
7.310839675257479e-07 25.200682909113755
1436.2882699833042 5.183046080592794e-10
1630.3600574327234 5.515784829086913e-10
946.8468978182622 1.059819826441257e-09
34.02895133618598 1.1970260056935587e-08
766.8391596964087 5.630957468570717e-10
3.0970731606559893e-07 2.433715519896673
1.0899963603883742e-06 11.267971055409047
1.0598603270163223e-08 9.045293138405642
8.946775177742558e-07 26.07806800276346
442.9786612031094 2.0370053070127755e-09
1.7477382845768948e-06 14.692769910307412
1272.4429464219688 1.1889626519491237e-09
1.6380688936870246e-06 11.441459092117041
1722.9943806793465 8.195707568112884e-10
3.419978533403871e-06 9.605886835518906
375.5200956637166 8.379290303453094e-10
1817.0002460504961 1.800159816707471e-10
5.981917179540549e-07 9.11125385116488
3.8121801844823324e-07 166.54652648231263
8.143075305825304e-07 13.780455673071351
2016.416444529504 3.933929426885629e-10
740.9350193417748 7.627997112772489e-11
6.644136274903296e-08 5.032466771500843
222.56260106489077 2.9491520874619682e-09
2.8885292492410923e-06 10.924881322026579
290.0323315768995 3.558881341625397e-10
1.9119712644337558e-07 1.1990086432899758
1975.8224451868568 9.893715106896546e-11
1.8375210733005955e-07 11.266224891553136
1.6816002838472264e-09 0.15244026139290232
1.2005323746857103e-06 45.79550580464709
102.04251449329402 1.1031642507054435e-08
6.849166250463211e-07 246.90857993912346
7.830232792687963e-06 254.22442395525016
3009.113279467413 4.653401506308491e-10
489.2641777093142 2.6204631846759005e-10
1.4162059024546712e-07 8.533173075375466
2193.8938137581486 6.285683646377632e-11
6.889737714924463e-07 25.79214939458204
2.6638556057639727e-07 7.964270448588298
3153.7685888006713 8.513195131641966e-11
2.7574087064192335e-06 8.89112611115772
1.1173858357510489e-07 0.9975508002780656
176.8897557339898 5.546431391564747e-10
2769.0462779235213 1.5514491897551661e-10
1.3484246934400255e-06 70.31539197472947
1.931591754929394e-06 18.734293452895187
299.8088202808686 6.905301463725013e-10
2.4367216288671937e-07 4.274544096612117
140.67187485427135 1.942538447056393e-11
1.1276157317943958e-08 0.35142871264299985
632.3162123516465 1.702328195778588e-11
279.70591568649365 1.2034637360402685e-10
3.757848586169149e-08 8.634044504275199
3.1779743430475946e-08 1.5792438043121615
157.89638597160857 2.2375741389492155e-10
1.868025118406461e-07 11.32088967122013
2.0238753708544663e-07 2.940789873528958
3046.457983112365 4.2116499644068744e-10
1.441274535360832e-06 8.105570622990102
4.046798245462599e-07 1.838313620896197
3502.85111231474 3.272784300596024e-10
2864.0173780533596 4.743125818704781e-10
2.291960150490956e-08 5.897858693915271
1.2132187409333273e-07 2.97186874599022
530.1134673838766 7.212449893663053e-10
4.0017985922389653e-07 20.82075519639887
1731.7929698916482 5.269739151698489e-10
3.9263342285172383e-07 7.765848936615251
4.0897568386643715e-08 15.453182487770976
2487.2887154381574 9.058210500719173e-10
2.4632094401519996e-06 10.761383917400188
2.7794188935933357e-08 5.675497574755634
2552.7231568173447 9.378559309068617e-10
2.5938450626672873e-06 12.692809286655457
2.1462159078777203e-07 8.212480105783728
1736.0679016352713 4.731894634919093e-10
888.6887451840223 9.807497662586802e-10
4.308856737157624e-07 34.9933241858263
3.209213859017555e-07 11.073134650527235
8.341420628054377e-07 27.12062478047935
1.0878425907699291e-06 338.14243979245333
554.3548750868085 1.215625325777625e-10
8.384911143400601e-08 4.611987633357278
561.7547924654788 6.346494599171831e-11
3.0694596586613196e-07 39.3008842821888
4.705155507498499e-08 29.779891248958393
1.1802459679509517e-06 5.8372342279933696
4.8749744699996505e-08 4.121463935409287
1.4794531946733582e-06 44.00015609146589
2.2712602728932005e-06 20.62260977289723
1.367996246543724e-07 5.615745215685683
223.347404382002 1.248496790979567e-10
1010.8984439409953 3.6780093431303245e-11
2379.559460885275 9.386987246127733e-10
2.3813909922325153e-06 15.476028024832665
2.0061058988929304e-06 22.94820156920238
1.6935326486799436e-07 2.1241213521401705
3430.7871654437604 4.8343662858470844e-11
8.849728196935782e-07 63.09673652461616
1.4883471404969451e-07 2.2007902155348678
1.2809492932816478e-05 70.44993515652999
2.666645460806746e-06 41.958466340333445
2956.743003373428 1.6429725769359568e-10
6.441128162657898e-07 3.08952235474454
2.2442632002961746e-07 8.495570350876537
1.5901485194791826e-06 352.00409353086974
949.6252862254931 2.5897306119897485e-11
2.8984707453068953e-07 1.923174144483072
1.7083211638110869e-07 23.776246643715183
1.2177425902949893e-07 6.126545889121801
2.3530718539698966e-06 8.096154152526159
8.002604936099733e-08 3.187373526653216
4.2571427102677145e-06 36.05450075567966
1.6213643432681308e-07 22.375996241409453
288.8604575675813 5.246312983077326e-10
865.8121128924265 5.605844126126763e-09
8.512669299303288e-08 0.5947488020062989
3384.7527883025723 2.5202635657084045e-11
6.133171155448655e-07 442.91630914329573
2979.790383425817 1.731923343748168e-10
1559.823546248002 3.416891677520102e-10
5.731207510900123e-07 20.70974840916136
1.0647805681216117e-06 348.3231319053816
6.650980051312684e-07 60.7239226930252
2.804992803383367e-07 28.92818183728998
622.9070327678697 1.196353841058363e-11
8.225631505931044e-09 7.625161759467105
1.3295210232360902e-06 11.227138230475035
1.3334942132826937e-07 6.679198285245047
1.9807044855909342e-07 3.3374088305130645
5.483063307140571e-06 68.62892152153911
7.082072968720186e-07 4.530022808495802
121.61518238163418 5.407870928176283e-10
1.0634007065652331e-07 2.355719159890684
2.6826520135824313e-06 75.55337495207456
1805.5203737850052 1.4967962959565113e-09
1.0052003272254337e-06 163.32997858625492
1.2799166466499528e-06 17.811427045408287
168.18357064310004 7.606786057701591e-09
831.8575500207875 2.069577765643116e-11
5.269157389145513e-08 0.43605736095748343
2125.8354305609996 5.597784986205051e-10
1.1705886501151674e-06 69.56044171458868
877.6805902036922 2.058432696485882e-10
1.7575895188474938e-07 16.28500212402676
3081.850486253811 5.57780144209677e-11
3.0455295674102687e-07 0.12617525224969173
1.1564367565137686e-07 1.4779222408980919
533.1849557535387 1.9416455913818161e-10
3.781541916293779e-07 2.8105108380293164
1501.9679999621637 5.531810565108832e-10
1.1510840983218319e-06 14.052173750086345
8.606941243532909e-07 35.4066889323628
7.66499709965286e-07 483.19516567935756
2.4641478776485508e-08 1.1227226639941297
556.5516733600452 4.573728964712485e-11
7.279883954363858 2.2799740261615932e-08
1059.1574294722486 1.3218772818554231e-11
2.232183980039381e-08 1.679329029802565
4.772265523955116e-07 7.847541124917921
2193.431137189742 3.402122842854931e-10
2080.1048580865877 4.070942296773815e-10
1000.973949592347 8.130926154368185e-10
4.4977721995329664e-07 21.87738452048297
1.1169938389513785e-07 2.154301713734745
2.3870532372356413e-06 8.1188485932243
1.4314401595960683e-07 2.756136596303139
458.17675770297734 2.0744267855585648e-09
7.654616351478742e-08 2.843974656752308
1.5094025121302888e-06 104.36152297956946
2094.466493041795 7.213865236338859e-10
1.1501719995813851e-07 0.6043398195321652
7.283159015715631e-07 14.504340302194585
3.798952307505856e-06 59.210834265457144
5.877336641005455e-07 192.34021285408707
5.772093519246134e-07 13.714402560228272
1873.351812178315 3.886204207511945e-10
8.715107500181336e-09 0.4268446552936881
2.1883774873703503e-07 2.2116815121368387
142.23543786522566 1.4766968388812918e-09
1.3367326954336174e-07 9.217885835182761
415.7533230600987 3.9062416870793867e-10
2.097434190951223e-07 9.160038287848872
595.6806880276418 3.342686516958762e-10
3233.729422586154 9.399038917479036e-12
1.5298517022749767e-07 0.24671421812380417
1.8843189693123694e-07 28.582798715712773
137.28520748496558 1.4669906781799974e-09
2.2730133955177377e-07 139.4934847279805
288.72746834807856 7.175315565460659e-10
5.426269364597702e-07 4.730434056222502
3.35195495077816e-08 0.1825029515474047
693.847630349112 3.047642649831842e-09
2.50920806768494e-06 5.328803893489566
1237.7181956807447 3.9311039122473026e-10
5.040565756681023e-07 18.93320825133127
2.1904729280610513e-07 281.4107007018226
6.443644748560119e-07 36.34353074672876
3.263602881645388e-07 4.0059377839348
298.2372948641925 1.1197856750281099e-09
1.3301362316775164e-05 12.252279203912304
3.210618798122063e-07 19.739056547231
711.2752497193758 3.842272519175542e-10
769.3411575869982 3.862824205405173e-10
7.258751762922566e-07 31.35858864969668
821.4179722508129 8.211813417454126e-10
6.582989190530946e-07 63.08114799879987
688.2126166673256 1.0019921775943162e-09
661.8224952714838 4.69906114829483e-10
3.3851016125016036e-07 15.395160234932602
6.4957111595025775e-06 22.213550130898746
2.904032838734629e-06 5.194966044150949
4.494214476720606e-06 33.77546661769245
275.6291831117621 1.289780027370872e-10
7.521255727918694e-08 0.8604427439559618
488.9747740338194 5.2763876606358714e-11
3.872883388494257e-07 18403.79622945389
5.453203916969692e-07 5.950837687769045
1788.1208576525248 1.674961875352756e-11
162.69161567505842 2.0573961787742204e-09
35.98231115721053 1.0954671259777286e-08
6.282010918638935e-07 4.240074942554664
4.697821940951358e-06 1.8081137192875736
6.363095228055596e-07 34.04458476479353
9.681415885157825e-07 8.189579250044664
40.07646624209802 2.4514214760704176e-08
1451.2496833065563 4.892502870420861e-10
1.9800509888021868e-07 1.4521624075702124
6.750375804986409e-08 2.1542794939104604
4.248213493004563e-07 8.14351178007634
436.6349802726136 4.0232477970201677e-10
2417.3216626866424 5.1411593333167525e-11
178.94427013342553 6.664021852214715e-10
1.1607259810008746e-07 16.535031279581478
839.4078806239411 1.1332388289374272e-10
5.664178067143989e-08 0.5399619478159478
1064.702122391754 6.10117078475593e-11
2.538000812465479e-07 71.34959050185874
2236.1444985804783 1.1829927131938203e-10
6.24580563620445e-07 47.452364256206565
1.8194205483494146e-07 20.391416066773008
9.294171983453631e-07 55.34950332816847
3536.681962062704 3.1068838978674907e-11
1.224067666244537e-07 13.199673767103828
1570.1731659373008 7.445015002186075e-11
6.156020957158538e-07 5.759391442517796
1613.3379183314337 4.1334908746463735e-10
4.807810350296028e-08 9.18396789358331
311.5812649323652 1.235957687909944e-09
3.282449429913024e-07 19.51275929593256
6.677573227637426e-07 285.6317142304745
1.5808363346328529e-06 401.109668134637
1.4258977131743277e-06 289.33452022809144
1.580342810181536e-07 0.7719107570130389
1.069610501633565e-06 3.6731347130123404
1464.3365225874936 7.313692552831975e-10
1612.6340039299262 1.5520555694928523e-10
1275.0806851322018 8.52139400831446e-10
681.174104091566 1.6876906929238109e-09
6.270035868573434e-07 10.829521914725829
980.2026406137453 2.4558496851222537e-09
7.190773736902071e-08 30.57126984709863
31.920973207764685 4.3843000147082915e-09
2.0163046599766289e-07 34.9943117161349
2.9493929197665842e-06 51.224849508348186
1338.3473892959867 1.9252532103266527e-10
3.0208400744992505e-07 6.173379693429438
3.5091076073699405e-06 39.99242887246532
178.0717190578902 5.267401525623457e-10
181.3684761711803 5.702686757345875e-10
443.82553830460137 6.135021784214826e-10
2.8893771321564374e-07 29.054886769097465
3.9543997951777724e-07 22.689304570400527
13.98567596313939 3.982824433884976e-08
5.679511247775422e-07 87.86886298823921
1.3240311943276574e-06 17.859411803783367
3133.9533716681685 2.3596819662440957e-10
2.0453636389500992e-07 32.10545192075246
5.241513824551788e-06 355.72459467691306
2407.463745971156 1.1520099704488404e-10
3.0967569543436676e-07 11.63112677354216
42.13373436143793 6.5538321366464004e-09
2.3855238385891577e-06 91.55722265364393
2261.9682231436673 1.054737770657061e-09
8.817518496374473e-08 4.424169218667264
9.182549531077639e-08 13.131702246503998
4.156420627894546e-07 81.62572978509665
769.6539963941876 7.118104741079775e-11
1.4169043442168043e-07 83.79040998060134
1211.7549195955646 2.0633624596775722e-10
2.7585457235358854e-07 10.62817798246886
374.88039694621466 4.112044140369765e-10
2.543731164943286e-07 46.59830145574753
1.8951437040372214e-06 44.25130241869257
6.147310156638483e-08 2.1554530277316624
1269.218123180936 5.862205130998594e-11
5.544304241000681e-07 23.349049965328092
4.3095309171744614e-07 34.839085551452484
2.3015402519545534e-07 7.532817642485076
2.346904660293996e-07 6.3214302932500095
2.3328070060395954e-07 19.924178142149373
1596.1484879887532 1.4637884221725886e-11
1041.9307651835927 8.050544963106232e-11
3395.0099591088597 3.6762632417813895e-11
1452.8999222305465 1.0981559121351532e-10
2.1885394015930865e-06 72.87343427998854
6.176605319368593e-08 5.86751161717678
47.90185672320138 4.858045142419584e-08
5.330448373579044e-06 104.41253719920495
1945.1427306403434 1.2264711524158865e-10
1754.7542241253468 3.918622155030804e-10
7.25785475613765e-07 49.3183606936705
259.4483326936182 5.1267418792706895e-11
2.393122416134754e-08 1.2214520981121333
804.5552497903744 2.6101666318076515e-11
2.3481119333060425e-07 102.4733254451087
1677.9021655417937 1.631438910040438e-10
2.883711663162378e-07 12.040804401271181
3.614238210929655e-07 16.84943995445239
1122.8739430181017 5.785914496000075e-10
1.846466433524765e-07 11.716217500471542
1.0270785356146274e-07 5.643657074566284
1144.55867462494 9.295282461079941e-11
2555.036863750032 2.3453981513475486e-10
432.40197108238533 1.9701184536590307e-09
4.866018538287852e-06 79.18395293985132
1.4110746235973704e-07 9.098154776764115
1832.4543450605324 7.975263670534308e-11
2.149584837421915e-07 6.565859981447753
3.469469058121417e-07 4.685173877392053
3.631401649485326e-08 0.8319732991328471
3515.3964909747388 4.3094597488717315e-09
1.7185849391593483e-06 43.72025997820793
1137.963173648443 1.4718747968569811e-09
1.9163647277677973e-06 7.171543946963422
6.641073188665295e-07 29.38548307361743
6.156385711377679e-08 3.0607941639477723
109.7788284651651 6.13196122660507e-10
1.2942751034178087e-07 1.1090694454099592
3506.4529192010077 3.665327127172248e-11
1415.2637342027865 4.686462955398346e-11
8.356013232913036e-07 9.18988265908001
708.3920996899191 1.4968156106627184e-09
1.0618731644615269e-06 103.8476302107546
734.84287180235 1.5053486983635156e-09
1028.336832333209 1.7329131738930512e-11
1.2767292482635653e-06 549.3857121801295
1.7132214555071073e-08 0.7482382372366447
974.7355681115758 2.3618403882203937e-11
7.399913243350728e-07 3.9832123466501734
4.028718688858425e-06 18.260731451059907
1796.8571227624216 2.2441569480965934e-09
4.372266660215062e-06 6.382838569753436
2.535752627199441e-06 19.282930108648248
717.1040695801296 1.717653943342532e-10
6.306159264488774e-08 3.320842084720216
1.7381053465239617e-06 2250.6694424809607
1.393122348397416e-07 9.306962817855222
418.8777690193173 1.0126385768684146e-09
8.149372717463891e-07 1.360399682836627
4.119047813226617e-07 161.9965668322717
263.48501136221813 1.6773874448208875e-09
309.4231798939567 2.2093513974741262e-10
2.7289854977998573e-07 4.022925037652567
1019.7091354364501 2.6958043942495216e-10
1.4197793913554173e-07 66.30687213881522
1.2816200380054695e-06 48.17455959817007
2808.7731264744625 4.543398220599032e-10
2.814868282318672e-06 49.28105148507566
1417.139720526032 1.9907214722658484e-09
6.557095636207605e-07 129.33749951263894
1082.231005887118 6.633778340142222e-10
7.265423720111984e-07 27.72181264188102
2463.842860373468 2.3933952977659733e-10
1718.776209218275 3.0812588880751114e-10
2.6063884183150505e-07 7.690574968658266
5.933936083718056e-07 51.672515342412474
1.738724878987478e-07 56.06584757250184
1507.9053525243332 1.1455195594875276e-10
2.894055830505814e-07 3.1550037122137073
1.079905964927413e-06 39.07960188564542
2.1179792301837917e-07 102.79934139837594
2.3974523660665055e-07 3.9489731734270874
1.1900295910753895e-07 14.001516172712648
283.63772529480883 4.729891761149833e-10
9.242646288156897e-08 8.883655631444078
63.98628420068419 1.7051730658626374e-09
1.198905787185245e-07 99.03136837228202
7.763850809708217e-08 0.5732483706132726
1.0916579292237484e-06 27.29101383955856
1844.777204278434 6.121013683331584e-10
3.324269757180265e-08 0.3330044626524179
1312.182003121234 2.5972279768339536e-11
1.6275639775711064e-06 60.89593571651041
1633.720989118101 1.8097957713263333e-10
3.401562194105503e-07 7.009523541883974
2.8428944464940535e-06 5712.1839007989465
1139.0384890936384 5.989846278730609e-11
8.500528150913911e-07 19.31276722032819
3.08467989432591e-06 10.076090137773845
1.789537316252974e-06 59.211034948082904
825.1548927199118 2.1799726639807e-09
490.2688745259847 4.296188317643255e-11
280.49629489190494 1.0101381223107467e-09
183.42073627470086 1.058497874415966e-09
2.2253319477164901e-07 6.737270101104417
5.915680477796706e-07 2.50444215188438
2463.999059269869 7.10124617673129e-10
1.7745293369818078e-06 104.826570476123
3286.237775744379 5.437221026649982e-10
5.662261176201886e-07 5.946172632335042
1.1953144313946248e-06 24.496251101323498
532.1340896268039 2.2551588171509187e-09
1562.0012116431305 7.339651491104184e-10
6.351794223752712e-07 68.20008989194191
952.1134955724636 6.397232823960224e-10
9.201007626737585e-07 216.22968316591135
4.5170739820981546e-07 4.633921373272968
581.5116077613545 6.254750959049414e-10
2817.0167850226267 1.1914503317972323e-10
490.8924682864662 6.855398340524448e-10
2.8792703886843796e-07 55.20907910923924
1007.5293421018356 2.8550464013063703e-10
610.5716553376952 2.9799790853967637e-10
627.5795456224522 2.400729071234483e-10
408.0895789414149 1.1633168329879542e-09
5.864687362107244e-07 27.73095968783901
1259.45771461527 6.046858851145613e-10
8.014992764640446e-07 17.126079126102873
1111.3681697982029 7.459500234197199e-10
664.1886656093806 1.210268560825832e-10
1.180659802422693e-08 0.5925644061025179
266.3561322970416 4.5805969584285133e-11
1.1271595066858311e-07 26.6877520323092
1.8181396454162016e-06 37.16837701695774
5.560866732611427e-07 79.73838882250527
4.300266795023054e-07 71.10731021440046
1474.0254917316372 1.7857255599880523e-10
2.7110172186765225e-07 18.87116660344796
1204.3750669779158 2.2004220144898908e-10
510.64275768265213 8.41497128558814e-11
1.287088442617691e-07 3.0336828386383905
1.1871564338305292e-07 0.5104452984612089
7.08882327581789 3.8495647753563595e-08
2.753538206706447e-07 104.05804272591978
4.796616793518123e-07 1.1596833686992485
2.035458241475507e-07 66.77153775393543
1.1206378730897941e-06 19.683037078975296
1.035219317376698e-06 67.27124192575451
3.4780695777438226e-07 56.47194775313221
1982.8444355885053 1.714584764906282e-10
2.939697966126612e-07 0.6040935735825546
65.94574065911453 1.2586855188377174e-09
780.5292023944567 5.136180615004398e-11
6.225070029103311e-08 1.7837601405648478
174.4270683068602 3.50562739909841e-10
3.633708203148207e-08 5.2022114517477105
1.2759405001300504e-06 29.20675455629452
956.7915649868336 3.91245152043859e-10
464.64031947393863 2.175893719847541e-10
1.117122001436814e-06 72.70150478941056
1.9081947237152742e-06 2.117530265128586
4.0686760138300085e-07 119.79804647414477
490.89283463311773 2.5764143273007026e-11
5.97735090242176e-06 11.96821712051619
2.9982410566644707e-07 11.331407197607582
4.486397073525221e-08 3.4217030516893794
7.592485935641441e-08 16.588026163880762
7.016572867392835e-07 51.60997150831434
1.7584960052826333e-07 156.9375477373276
1.0137097974936461e-06 2.9496918426181358
2.3325293124313442e-07 295.0571775512252
2409.7164634523174 1.0411316344498433e-10
2.05064667316816e-07 18.16024731694762
3215.24706516237 1.83271163985735e-10
6.414893284737069e-07 11.125861742378225
172.91105761367353 1.661670916337497e-08
3.208472190002046e-06 8.544886949344408
4.6887739483043017e-07 31.316150125686285
8.054891616452553e-07 6.90053507435346
1708.0269440906266 4.692701644808701e-10
1339.1093336434733 4.872021372791647e-11
5.805147578009241e-07 14.585148431055751
2.6059063484466676e-07 30.453647423096893
369.13831981495076 6.372086332224745e-10
4.557159359009516e-07 1.9607738125902012
3376.198648960184 1.3447001191879672e-10
4.34136669915626e-07 17.63879958071168
109.8774753629263 3.936805807878105e-09
1.4340814519833788e-07 1.3033930506677036
6.154191561267474e-07 24.340769125868075
1006.0127316279629 2.612572964014894e-10
4.477100590044392e-08 2.970103558338157
3183.785455925753 1.0037033195977841e-09
3.236332815258461e-06 106.36406419120871
6.331302349005594e-07 10.978579564927628
1.640273442736779e-06 31.366550695268856
1223.6044509826024 5.7016213170747965e-11
116.68070585258226 6.513900711510538e-10
6.531219132715632e-07 23.56752713388754
4.229185008367121e-06 268.205624398943
516.9836703121487 3.6392416188078733e-10
2.618515881283796e-07 2.3876473763056647
1.3254608784183422e-06 63.454257900385095
1621.7714659299997 9.77100113039598e-11
5.049360683135947e-08 32.200525185180425
393.2047168180934 1.2728855388123523e-10
267.9133845680293 2.7941632022666243e-10
8.449469944950476e-08 6.262521776909237
1062.661423167144 7.693348943760777e-11
5.839649864342505 1.0851579076254407e-07
3.531123339138064e-08 0.16187049496139022
797.3413168814496 4.588743602998853e-11
9.511740087018569e-07 33.11318333325816
4.741290664914588e-08 8.530280555800182
2.8474564609687223e-07 1.4185287659202286
289.96190717650643 9.092317153341756e-10
2.8706057586105277e-07 10.584717361642957
825.6785960497403 3.119261064635569e-11
7.254936871443778e-08 0.5537203280027476
1.6906805608598158e-07 0.8094281022961402
627.1675039242423 2.455739366632918e-10
2.364893388479196e-07 86.3808416461815
26.748243099186386 1.464506171594325e-10
3290.494670687459 1.275975730701638e-10
1257.3049240954633 1.0029919360947735e-10
1.5088868180326345e-07 5.669564318995254
629.7763147397338 2.382464253939147e-10
7.14593228664779e-07 23.446036304276923
1685.268513013651 8.448222509161417e-10
1.5036938998233307e-06 15.170631555534118
428.287938401524 6.973303194134312e-11
3.6589928065346675e-08 3.636396279074904
6.160136863929094e-08 0.7438977010875314
595.035109209234 8.964115767162436e-10
6.71725047867657e-07 3.7936161411946414
1798.027633659174 3.7054966064512076e-10
28.399315389939883 2.758959491116819e-08
8.04151227821848e-07 129.80828187004252
4.5532308176493744e-07 3.3178162525187673
6.425112274352866e-08 2.5640175897066437
9.94943662164267e-07 135.91393701953265
2.2981596553755595e-08 4.503449371116389
6.83395085696327e-07 16.73132905015232
1027.6060696030454 1.6403024182383583e-10
2.9046169973578924e-07 1.6614351863719832
1.019200840720693e-06 62.47319407015472
2.588429369637182e-07 6.484730265455356
1.682157978025861e-06 844.8865415613978
1226.7426476758071 1.387422003989601e-09
2037.3888318690479 3.324274033455567e-10
7.08206717781865e-07 22.757097395395895
306.1931616417899 3.79174549591004e-09
1.249232488147738e-06 14.02440881704095
3142.539275802653 3.928163437134376e-10
2.907769121731109e-07 10.662057655822627
1135.734025103327 1.880097937013802e-10
329.2420777803231 3.139470664763602e-10
2.557810961890842e-07 15.652748822950977
1251.3244914365905 1.541052025216385e-10
2.0394562198829228e-07 15.472162592581997
5.192444835289643e-07 35.40191219978482
2.4798242848001224e-07 3.3042865277500053
1.1566181191110528e-07 4.37169264211292
813.0037510415735 1.4326279343090687e-10
369.9749525133209 1.8961779354876705e-09
2.7861323407864798e-08 0.44666422989943455
5.712067463481502e-07 46.07748940245667
629.351248745859 3.0033316801763736e-10
4.998481704161044e-08 36.240915729245025
166.3284249923308 5.034056485942505e-10
506.3480862726781 5.7856906414229916e-11
9.613532819440385e-08 0.4295935303599762
284.5636766200617 3.357296019965917e-10
45.74142787436609 1.5179768388762341e-09
8.84182227650318e-08 4.167950456021828
1389.5289397521362 6.169474146284414e-10
8.882984549132267e-07 362.6926856260873
4.1442403571883096e-08 1.472370554803898
4.168212969652223e-07 123.49620720542337
1001.0649011794965 4.796022020248735e-10
5.166382469706639e-07 13.73711845283133
1.3246462420965998e-07 20.893641130799818
2508.6228887445195 5.352441327452265e-10
1.1517402799873595e-07 2.974980005572638
1.954413125858938e-06 6.1731440772309085
1.6613884058448532e-07 38.28821812114331
6.723684064165587e-07 15.693534801154318
1419.4438596453629 1.62206946752917e-09
2.3803149695245627e-06 29.10260041533965
1326.8257730268758 1.7886437704515916e-09
5.79865799986947e-07 4866.343181190606
1434.6708581223122 3.999780238729061e-10
9.602414986055262e-07 6.267783660951505
1.730792916140499e-07 4.319882451818689
212.2077195792551 7.764649098355179e-10
502.08467486618423 1.2779390649914508e-09
3.579175397353162e-07 25.809537437569936
1.1722782961672379e-07 2.445702191198089
1715.9023704894769 6.44716576425915e-11
1.3000614466051419e-08 1.6936439771878757
398.43575708289654 3.6696381419486545e-11
2003.451660060022 9.218973765362035e-11
3.578646775413538e-07 1.0577252007730054
8.010065915308653e-07 8169.804026082199
123.942350225098 5.758462253145833e-09
4.676060713977149e-07 12.903156891415062
883.7671227831468 1.2618705056318155e-10
1.0895115149690755e-06 34.6673949940913
2.4997907239976735e-07 183.09554144161856
1127.3897218192326 8.923677287390292e-10
5.777999308811364e-07 4.781950094142519
3.409799352788099e-07 15.881128747403915
4.284737611818897e-07 22.05658715388994
364.76932860604734 1.139803732109493e-09
208.8805597282214 1.43939353370537e-10
5.930867521134672e-08 0.9094735464365641
445.45772601211456 1.250737696305536e-10
9.510468132487801e-07 89.84905579233627
1592.9474157020607 2.96232716818453e-10
2.16104681619462e-07 16.2027377584477
4.776583127511523e-07 21.642452400894072
3.3154967601189294e-07 27.5083762912677
1761.7534846763356 2.15069711077958e-10
5.215466180977556e-07 28.290305217695856
3.5403048386878243e-09 0.03558069956819106
1.7988070108592974e-07 0.9244183396551379
4.4448292988356585e-07 26.44145361498266
1175.9917052977564 5.701783149194409e-12
2.1444160990831344e-07 6.456802639194634
1636.950552368002 1.2974456061119874e-10
1178.5382130524883 7.062902208289217e-11
9.956484117652733e-07 5.719646613573754
374.14843181499384 3.380689718242385e-11
3.4597158598955797e-08 0.6582599873922688
923.6478008640646 5.035096363207162e-11
6.383376899305613e-08 3.1543186626599042
1209.8248867134987 1.2363979580058506e-09
1.2419124896906742e-05 97.75297315580687
1475.8199272565616 8.398115946621975e-09
548.7960126389991 3.403797881099453e-10
49.2530218383358 2.991658134130576e-09
8.811566673666002e-07 20.142575648945783
7.041583263145086e-07 3.5853696131674377
1.4991303043940425e-07 7.431129943275963
8.262552439979703e-08 0.2880183622335364
6.349889497584266e-06 47.39208052881665
387.52606350779075 6.67886519608079e-11
2.3199167049441103e-08 5.358749835035234
552.6223061074378 7.120283791026929e-10
5.521870340124891e-07 2.4088539872091346
3489.5657374455104 5.651951545073619e-10
2.017657999727058e-06 38.43936709269989
733.470715848178 2.7450600861270045e-09
4.190247018824745e-08 6.536935973100367
1024.9951306071453 4.043632654037121e-11
1.8810399510027927e-06 13.125303378911516
1.8439224514819304e-07 3.3470899540764916
640.3419920269997 2.7625368230275596e-10
330.3310010169422 5.1296241933141164e-11
2.449589420430796e-08 2.6551541426538
345.7960924170071 3.0951903666126955e-10
1.094894791301883e-07 15.535860999591554
1.792447739603745e-07 22.478714571388714
684.3432410784784 3.0909170740426813e-10
2384.477802028259 5.143546510607731e-11
2.115808989989691e-07 5.348785042434748
1383.4299907969435 3.5174605761826974e-11
6.284736601323355e-08 4.3288877466000955
597.8193039646433 1.0330087750830173e-10
2.875887853275697e-06 26.420938405588256
2.635035618635476e-07 19.225764949583787
456.1340500404493 2.249846484905517e-09
1.0349964452949023e-06 42.4249980107966
3.4092187371581704e-07 3.427018368957994
2655.5883985948617 1.2689520320561091e-10
5.5233293914345266e-08 0.1325797318375263
949.5429905092478 5.6300752489061926e-11
67.94581510511439 2.7086323375207994e-10
3.031718899917017e-08 1.6584859817657367
1313.1331571971662 2.215898000035994e-11
424.390284958767 2.061467613794818e-10
3.4599719432272303e-07 43.67346911050466
4.615016227778243e-07 68.2383927553763
3.0620557429119644e-08 0.2551979488965416
485.43712553232444 9.022960226381414e-10
275.0112430442552 1.7979224894262366e-09
210.12564366268174 5.102341627321173e-10
1.7145475853503574e-07 1.5715877626072259
2.7611676920613362e-06 4.444517902885622
2.819516656455711e-07 12.133798242624206
4.635578781034765e-07 1.4878736872837888
1.2778323309048642e-06 12.029872927672669
3.8691533686288273e-07 88.69294474130677
8.986340763162701e-07 14.882198941663122
5.6368353770641834e-08 76.36421376364387
98.5384553999371 3.1795493335135336e-09
4.1279573691099366e-07 3.0821948876705467
2.601394670063934e-07 41.90769959303339
6.395711976424991e-07 20.14094843055505
710.0331376110709 4.565080457863268e-10
3.715039560780781e-07 5.812192218900272
1.94873867281338e-06 60.65247255512892
1.0122510351313792e-07 5.901574237739091
6.101017723603468e-07 6.429331418700559
5.7374852350438225e-08 0.19178645464214472
286.56347681185076 1.7779083013959786e-10
8.404781999266243e-07 118.12224462748785
5.443978659085195e-07 19.1480283918683
2.5676215752831544e-06 63.66138705040478
1321.3276268054283 1.7344688378950165e-10
2.4054717455909726e-07 23.072130250106145
48.388447776939024 6.588252281785311e-10
2.787725735637687e-07 0.9404405823020744
1197.1889403108896 4.817130162639299e-11
7.958710085115246e-07 7.0841990938866
874.8552154638111 7.293323553759453e-10
1.356724023901987e-07 0.6889697525991879
1.3584921502385533e-07 27.292311448683378
5.2655243564498165e-08 3.8449745838790195
696.3024807033302 1.6254074030605632e-11
1.6181435667975007e-08 2.2932826015195173
2.5591614305776406e-07 31.192773888224234
2981.5128685981776 8.82415008685093e-11
2283.5914742741215 2.314052545942844e-10
5.574250340162412e-07 19.04118576848669
1.2888512973101699e-07 11.802649592577593
269.129247622264 5.377882334591568e-10
967.8603228324005 1.872282494538872e-10
1.54022986650126e-07 3.8551786081432358
963.04790192127 4.5440635385648787e-10
926.6283733875482 6.027634869156766e-11
6.360001834933192e-08 11.53330202135793
983.9556314885501 1.5226750908439062e-09
1.5797141018271531e-07 0.452188697279401
4.849202300098872e-07 917.8594432397647
526.9776714658594 9.515495323194763e-10
2.4987890909663616e-07 0.48143709677929986
2621.567853317401 9.592951940388394e-11
570.7586008564228 3.1929854070718833e-10
2.3250227741690398e-07 114.12525912001718
1.6026100685167208e-06 18.261691639720528
9.184591090807488e-07 19.211510561505392
707.2445678022623 1.2593119839936485e-09
2656.144555716547 1.563049022966123e-10
4.4996608989650925e-07 9.879141150971298
803.547571695209 9.2735095715463e-11
8.080524956980015e-08 11.869821080353345
7.008179226435382e-07 23.816085131401717
4.20000670660821e-07 170.41088044154228
1.8435141036483547e-07 2.731830340901229
1179.2768247780766 1.5916392945790122e-10
2.2411036452153655e-08 0.18598705550056188
2.4955950811722384e-07 4.384298847315009
1.6066400477991014e-07 223.85013735415677
431.4598648066373 1.5767591502731768e-10
2.1242219690675106e-07 31.95644190678474
240.36258866863702 2.864414172294388e-10
9.024093793250554e-08 3.763458652148691
301.79114283428504 9.696223609521392e-10
2.857003816602883e-07 37.71660324068887
5.015926041739824e-07 4.952853556129756
3.8323583164099187e-07 4.709078471403035
7.658737830720995e-07 819.6581652406026
4.4644152964506704e-08 23.293370225741125
1.9511170345672524e-07 1.7583490304405762
4.773108698895343e-07 0.4082288460828136
3101.331345543841 1.539519697265567e-10
2.579371791355937e-07 142.2760499479453
8.631949001138255e-07 10.919254866397587
2.1162833428585995e-07 1.4913163154658966
3.12744287288728e-08 0.572673855897571
159.20989228861214 2.9802173947242527e-09
4.594196918415191e-07 69.9373206901907
4.5925814876032415e-07 14.197822865688018
6.3737851067374e-07 29.488677408871744
5.810699542594248e-08 0.39841855128540504
715.5114967823847 7.93284632448569e-11
1.6845083485853432e-07 0.8965083098517017
994.0759572822716 3.1030887262908477e-10
3.2748822027634337e-07 9.567721392763648
3.5462257774345285e-07 41.09791635732612
6.027901533774725e-07 289.1276828562213
222.80323880683102 6.400890508702749e-10
1.588611698083773e-07 21.232561273602375
1768.8859673860293 1.5443986795437963e-10
2.7300179836177786e-07 250.56625638488484
2583.565420969688 7.398945448191947e-10
1.935553350759989e-06 49.81651149396913
533.3641467805367 2.5666049244872994e-10
1.6420794802152767e-07 4.567194061239249
3248.0997383777144 2.3865242585399594e-10
1.4042615832388468e-07 13.190586316099916
1230.0806305660635 1.1305350209787731e-10
5.936200042878358e-07 11.687394929977255
2615.0051509082696 2.310186769346972e-10
6.698908241932218e-07 2.493141919444954
1.158438844562317e-07 0.3651863315890197
675.5915484082179 1.2128581952218873e-10
242.78453219505892 2.655681141392056e-09
5.923329835639863e-08 3.13932085499552
6.544257731726525e-07 42.738548949097044
1.2911568528693506e-06 94.23116359868186
3058.9133909141456 2.628759403616298e-10
541.7689957919974 2.2164179522660422e-10
3.0929857337258217e-07 35.043814848547
990.4927367324972 2.8576409127289957e-10
2.093821253090113e-06 308.50793712643684
1059.0830591930733 4.859060251848974e-12
2099.1496577816415 9.066786070382961e-12
5.764951692508132e-07 15.327954103352642
44.31146583163853 1.0309199487397411e-10
2.5282729920478225e-07 7.1376973446564085
2.7198189413279726e-06 119.38494267796547
5.15140806055137e-07 11.069327024495175
2026.3791967476823 5.927765732402888e-11
1.792513345256075e-07 3.1145694911385537
1110.731622749898 6.082599774254674e-11
7.941523660569351e-08 6.558310230741956
37.1431679756993 1.2595072983384225e-09
5.0638371002006465e-08 7.2083611052939585
1503.7393520413168 1.7618934750720898e-10
6.019297316383737e-08 1.1274406049510421
5.77320272203416e-07 64.6105802443414
314.50374610228573 1.8542116865527825e-09
2.3615506373725732e-07 0.5045043600974686
6.24603491988388e-07 8.812491930719588
8.579016590052798e-08 3.3694928381824427
1.9634782182827543e-06 3.6612204083321043
2.538111458253308e-08 2.678232030053413
443.8992976891868 1.479429469407142e-11
2.2274471235686196e-08 0.3909167220017126
2.4790268299743675e-07 84.8910680279459
225.86998804615357 1.8490904443986365e-09
4.052518741428448e-07 19.251885257024476
2.3048084134637138e-07 5.167825593139949
256.092681051379 9.37419159488287e-10
196.87103519391766 7.496408410409923e-11
820.4884627659699 2.7540313579587408e-11
1.3544972365680048e-07 3.696136378048735
4.0043284363178996e-08 21.467051521220387
2.9617298054793368e-06 154.73770489750166
6.111979178988152e-08 0.009936176881766724
1.954476725553421e-07 16.6598642093003
3.553330099177376e-06 33.807567068626085
6.881699355232503e-07 21.819228918566857
2.005321091543189e-07 32.77038340476958
1.3753192840817788e-06 14.69785763209257
278.7181530104427 4.514451990932795e-09
1.0457759064143533e-06 3.981470783285777
141.5038887094279 5.683042813488488e-10
189.24389818930635 1.8505269566586244e-10
471.6745712425908 1.4024269685985053e-10
385.01992759684043 1.3489818979247393e-09
5.597205209047592e-07 12.414396643616044
1.6170408635696773e-06 8.135755675846188
3325.6261582806455 4.87579922946626e-10
8.309374150295435e-08 2.279653995925948
1.1267389982410728e-07 1.3431701756376289
1.0489729445577662e-07 1.3028878139618443
2.399880177897936e-06 41.20581108928851
1.5788163067888795e-07 344.336997446699
1.145817334528278e-08 0.16956084021922505
1376.0522970037591 2.1457013293162898e-10
3.280612847763138e-07 14.397881529628364
6.208059938887575e-08 1.421018501562562
2214.223284999705 2.6858810584311124e-11
1334.4360294431747 2.86636616755053e-10
1474.2253094424652 3.613058675598444e-10
795.3968769364959 5.450972243955062e-11
6.309960308312959e-08 2.0687395164656954
8.696352208096637e-07 10.783579350619139
326.70005089290896 6.183473818251536e-10
1.9701635624553602e-07 20.962582262144963
6.808449952114934e-07 5.08917167886605
2645.2019016408544 2.5828778274388075e-10
2456.8643607470476 3.3434826605916917e-10
3.57221378648701e-08 0.6236455712958525
2.3650156629699532e-07 3.690862751878396
4.6747016649772763e-07 9.637266786868626
2075.8096359099777 1.812868910404353e-11
4.668091781937587e-08 4.391532288302683
4.169232621145119e-06 55.854098051735875
1.1279954480773671e-07 9.619226825646411
7.669471904617745e-07 16.752843588577125
2048.9232350706025 3.7688582060690905e-10
7.309103990350758e-07 6.492714335542033
409.61532173822735 1.754072473997765e-09
1.0861603915356186e-06 37.43829473407067
1.075233042583439e-07 0.3383536625612585
1.2010949228131758e-06 10061.88480293364
500.44554501380634 7.750290071813735e-10
3.998889095123466e-07 38.21677627727341
1.6814166058111067e-07 11.814917273753867
3.3905061460106746e-07 1.7590054676879348
6.399953929869085e-07 2.042281370780652
148.73599134300775 4.764065709123978e-09
8.810298416170752e-07 4.128932647245477
2.688165813559798e-08 3.419241313786313
134.2372290751751 1.9738511882991e-09
493.7633085691323 6.3592037045924e-09
3.1454613063701172e-06 826.7306445538751
2.15390754067159e-06 6.88509601706766
2.97353616518071e-07 9.796836935806779
5.912812452550135e-07 113.06265622091375
3.727476904941512e-07 7.848575764619395
1.3516768465461937e-06 18.200900673586382
1.1764200400003548e-06 62.62814780525456
1.3715396172876007e-07 2.4838174327762856
7.571843833204891e-07 5.341308211090425
8.406211895482004e-08 11.54011853396525
1268.0144222498532 4.38345101136873e-10
1.460580182704436e-08 14.800206317998539
742.4769723222194 2.377743999429053e-11
2.7288040809137833e-07 91.82841638643482
8.102902206178611e-08 5.129892465495913
2.630886017990713e-07 24.30341764225127
261.2609554836343 1.489110891118401e-09
2.4945004621954903e-08 7.470958286545401
511.6489061833075 3.6241792659283996e-10
1611.0922717661458 1.8240717578512034e-10
1723.779874350805 2.925039916618007e-11
6.41632716716788e-08 4.564699132810028
2956.9177124101116 4.188436543564355e-11
2372.3341549288953 1.3202760824252654e-10
1.9035153930515257e-07 60.2560730608177
2.7553277207228934e-06 92.90738610364112
2.1881183236882243e-07 69.51771358529818
6.344546259805404e-08 0.8401106499107014
652.3312571333643 6.322314801732775e-10
4.02936504941392e-07 35.695123852772795
3.976080480040599e-06 42.691713544337034
1368.0172273646672 2.9504344710922093e-09
5.634745951821162e-07 6.464610778774193
9.842167477820991e-08 0.0727518286987053
2.0433765498877507e-07 48.984309889098405
295.1774476792722 7.211727870829701e-10
1.0008358819320268e-06 17.910819867770947
2.3347061459376146e-07 8.869670360823639
898.7698690900492 1.9192608241670498e-10
4.864084399147748e-07 26.228097491700414
3.6797946969406607e-07 5.9786399377811295
1374.358300297215 1.951442823287428e-10
2.748946655490864e-07 864.7943776827965
603.9532782714559 5.1710806639719754e-11
9.118237402759899e-08 0.5115623639967661
3.338079061034258e-06 214.9427142660023
2.6055418667326144e-06 70.30518961158944
1411.2728489458914 1.5137064142447088e-09
2.170240319879687e-06 60.75830339435605
1.0991055433571666e-06 230.26094684417959
1168.4030826969215 1.4110402546089916e-11
982.5840807157185 1.3645502879974808e-09
1.3492749289999417e-06 67.74569039489411
2354.733191410921 5.743374031879705e-10
2504.691771832837 5.219442642411503e-10
111.349676655331 7.2589726856241405e-09
1.2522597768918925e-06 19.95083693741392
5.795147492101942e-07 30.3758507118001
4.1759176521763815e-07 285.2847694707238
3.156928507610464e-07 0.5067295207207904
201.28721414121054 1.5683872390513112e-09
1.1743129309021968e-06 11.022444136854054
1263.2572095495111 3.087737590278875e-10
3.990881033881817e-07 13.13974258319134
3.3864426769643106e-07 13.876688425938289
1095.2770878504607 3.036240065580669e-10
1.8488994640226378e-07 0.5204951257566737
5.79020699901074e-08 0.7792761405072475
1164.5984236578074 5.2335258944791336e-11
1.4422671561115143e-07 4.50442022894897
214.62737927241974 1.114741712690425e-09
2.4118730524531643e-07 29.380670934816187
2.365661746847186e-07 2.0903960728486495
3.386279245926959e-07 0.6979059381177687
5.692535083520041e-07 18.2097759184457
1495.6278304198413 3.736662363900726e-10
802.4610439986174 1.3786437199745364e-09
1.1327672767058095e-06 51.139362584251955
2.9855951072935274e-08 1.559458997006038
6.500684082648191e-07 3.7853669768500278
2.3949270762480194e-06 25.81180506183982
1459.8749857236332 8.875325822842644e-11
23.175838832383736 2.0258304149020399e-10
3.153414297343664e-08 0.18599237445488864
800.2842283935754 4.281715645024156e-11
3.367463141736578e-07 8.2452039822402
2523.113479043532 6.688973197105677e-11
1.0022092471787604e-07 4.880306854833534
1440.6048885538567 7.404155711577487e-11
1.161344095462503e-07 17.206089678812244
5.902878480937971 1.4045486213755945e-08
583.1647515305674 5.0889986878849685e-09
3.14768846091855e-06 14.944120994401903
5.487080414388724e-08 20.6713368382176
1483.0220207750729 6.316494099109223e-11
2.959506939493194e-07 14.397577072498123
1.1703738885278796e-06 18.270788122210092
3.8102205231607097e-07 2.501380219016516
9.268801814586991e-07 9.368708913940907
1561.5311668756112 2.763131289023339e-10
6.96845610026538e-07 8.64900044420234
7.693942612007437e-07 100.34634336417112
3.0147792936763223e-07 40.331869523564166
911.2388896806954 2.648561958067891e-10
5.0517822256531195e-09 13.37999795427294
157.01827588016957 3.371671359790993e-11
1.3256043313948446e-07 30.126824178274635
2352.0952801269 5.749057433258544e-10
1.3702288447679548e-06 94.40607021869471
1360.102113253193 1.011307087939105e-09
1.2352656985426291e-06 18.779536002424493
997.6613354155157 1.2521405706954416e-09
3.326410236180869e-06 7.21233580655286
3167.8292721615126 1.0545532104054364e-09
3.67086815152596e-07 0.31388218895857145
