salimos codigo
-392: [-45.916410466092266, -35.38175851193181, -295.9928925499855, 306.589265998656, 55.0, '505'], 
-405: [-51.95537776236137, 12.998858756809959, -99.7826169837977, 125.89639494260527, 55.0, '473'], 
-429: [-13.620747199826997, 43.148670578583186, -323.1966494681599, 330.95076182783635, 55.0, '553']

outg2 es:  -418
invertex es:  -422
salimos codigo
outg2 es:  -618
invertex es:  -622
salimos codigo
outg2 es:  -373
invertex es:  -392
salimos codigo

outg2 es:  -373
invertex es:  -392
(30.823200253447883, -10.605958558274114, 41.61650807009961, 76.2855803855004, 55.0, -373)

{-392: [-45.916410466092266, -35.38175851193181, -295.9928925499855, 306.589265998656, 55.0, -388], -405: [-51.95537776236137, 12.998858756809959, -99.7826169837977, 125.89639494260527, 55.0, -368], -429: [-13.620747199826997, 43.148670578583186, -323.1966494681599, 330.95076182783635, 55.0, -419], -830: [31.141357331832907, -57.03357365759865, 275.8817883307019, 288.718502685872, 55.0, -801], -831: [40.49567402364683, -65.70252561938187, 340.873330379788, 356.4426305194191, 70.0, -801], -865: [41.51810648846441, -43.77452769178872, 251.7896329471661, 264.6941285723869, 55.0, -831], -716: [87.41314181554603, 15.369495309337058, -412.74137376473743, 425.7437261608574, 55.0, -677], -727: [-94.77002880006933, 46.651226276317345, -293.47437513878515, 319.66373603358664, 70.0, -697], -745: [27.772630296767126, 38.45219737295492, -53.32563047560447, 90.10279319771558, 55.0, -721], -263: [-33.12997359712966, -51.61738271270427, -46.36180312655819, 94.53235497861056, 55.0, -257], -264: [-44.62048319027835, -39.2065835410569, -341.4673421228673, 353.5931128423616, 70.0, -234], -270: [-69.9197087109631, -12.337805736365926, 290.2845206296266, 306.9301061052602, 70.0, -266], -396: [-10.549134489457133, 14.862024145962474, -81.25169731066877, 99.79480104723073, 55.0, -384], -397: [42.658074342523115, -13.168844495733968, 240.88109249914604, 251.0813224745067, 55.0, -393], -409: [-4.358149253847787, -67.64965731899377, 86.47440083556019, 130.28158580615005, 70.0, -385], -600: [40.069662926988975, -33.070900805221804, 188.377821347909, 203.00361066477615, 55.0, -580], -601: [50.744856041741045, -18.006402908043906, -28.49989591289537, 82.0762756673919, 55.0, -569], -627: [53.99075332151647, 60.94619568547562, -14.45050852445446, 108.34323887244862, 70.0, -593], -625: [15.952040725870544, 34.576006817242465, 59.1207833658059, 89.27617194152302, 55.0, -602], -640: [45.91145911888383, 33.372729749437426, 34.103482967653, 86.07931644639685, 55.0, -615], -666: [87.44835803170416, 38.47202300461536, 359.3677613932241, 375.8955969485226, 55.0, -662], -576: [-45.337991680330994, -26.240336365353986, -39.50612084093951, 95.94176528536254, 70.0, -542], -577: [56.29046927431688, -0.759993452049689, -107.28608414915753, 133.05825180435102, 55.0, -573], -603: [78.19910751497486, 119.04258052468514, -385.50255193751093, 414.63653233217184, 55.0, -585], -406: [1.891235140518749, 16.200059027709965, -19.13993343162379, 60.476075721106525, 55.0, -379], -413: [-24.24923600871565, -5.448496139223319, -21.528566189457667, 64.07956553659974, 55.0, -410], -417: [-52.39061401860156, 44.073618664704135, -131.3369637877254, 157.99258956174543, 55.0, -390], -912: [-49.98695510417978, 14.683816162104984, -100.88425561249923, 126.16236827262658, 55.0, -889], -921: [-61.10371530739707, 23.64703105414138, -125.9140783396734, 158.26307600376143, 70.0, -889], -925: [-83.42322343278472, -41.78555392337651, -43.306144695103306, 116.64428358455011, 55.0, -848], -667: [27.910297858661256, -13.823530276376676, -35.252115508003655, 72.37255255724179, 55.0, -656], -676: [95.62636915155836, -75.164588556662, 428.21972471051225, 450.6287279803067, 70.0, -628], -702: [-60.221640278262235, -34.319604907275405, -65.30206387562102, 118.18985060152832, 70.0, -676], -350: [14.252501800208268, -29.428623580555758, -19.44041926260499, 66.8738184532396, 55.0, -348], -363: [-21.836599468292107, -21.70792176691527, -138.98862255607025, 158.6376630684242, 70.0, -353], -365: [-93.41542641378652, -175.80883159916348, -48.559021268973225, 216.54829878559002, 70.0, -353], -431: [-54.65078459584338, -37.328524452205464, 307.8221600645642, 319.62416870683353, 55.0, -412], -448: [54.026402923474514, -84.71848589145553, -364.48317834679114, 384.50495622601426, 70.0, -418], -466: [-140.03556595484426, 27.793658705579187, 301.31616103329185, 337.9332420706439, 55.0, -452], -554: [6.369723492839344, 30.41757588858622, -28.239750395268054, 69.19744072362919, 55.0, -550], -559: [54.54136277655804, 32.31075676063414, -231.82229215349648, 250.32043543280696, 70.0, -523], -575: [48.948182332917035, -48.12422593784282, 207.67691661634677, 225.53617752166963, 55.0, -538], -709: [8.073311679836719, 38.94992271741232, -88.55055623122051, 111.57273793373865, 55.0, -674], -728: [-8.327599489036832, -37.52539406124879, 81.48920268756223, 114.09642530489906, 70.0, -700], -730: [-173.78431735614825, -20.684419763315358, -20.471823880461713, 184.58854177028465, 55.0, -721], -810: [40.66611746171618, 26.315461361404324, 203.62933534509145, 216.41659554931863, 55.0, -791], -811: [-2.6642714993152645, 1.1777722434449465, -87.46344566991706, 112.06399876202003, 70.0, -749], -815: [8.002121481244481, -7.754677131965851, -63.8906866123213, 85.03639692164454, 55.0, -786], -480: [73.43431936145869, -68.79507079563764, -42.81552091708438, 122.4072295955545, 55.0, -435], -481: [-4.499973754488385, 53.278164521789584, 17.56910106017346, 78.69234963237884, 55.0, -448], -505: [112.99781228589991, -59.909849869691605, -321.3367882740759, 350.19998171203093, 55.0, -481], -345: [46.470059651222456, 9.832441889774266, 81.72148737237556, 117.62034201555996, 70.0, -299], -354: [9.204537306986984, -66.21024546430232, -283.7149285347983, 299.77104727605797, 70.0, -314], -374: [-36.87454363686001, -89.38730668190577, 40.52160811045394, 126.062775188114, 70.0, -338], -637: [17.71982501620567, 79.50209002709235, -20.960229336133843, 100.49331187250311, 55.0, -635], -638: [7.08820029910621, -23.349863399030678, -75.67853814963732, 96.68350345689666, 55.0, -624], -656: [-221.2656958965734, 61.8897054908346, 182.47278665979104, 301.63746733077903, 70.0, -624], -571: [21.404191130579036, -4.5770499756261716, -103.34066827192306, 119.09400700002242, 55.0, -542], -582: [28.122031367125505, -47.80792058806751, 166.9450864589753, 189.33332462079488, 70.0, -516], -598: [36.38760773750077, -58.46591216795201, 37.33163352310815, 95.712965391281, 55.0, -596], -192: [-2.634452296187317, -37.87331554489171, -147.5433612551769, 161.97336762486432, 55.0, -187], -195: [25.763242758801482, -20.717064962099595, 17.779825742583345, 66.5887652801088, 55.0, -162], -209: [-11.299348359728116, -3.908533676890044, -31.36089811819859, 64.43180767010892, 55.0, -186], -537: [24.462016224127257, -30.452114482559555, 5.800862150293598, 80.3702153530466, 70.0, -527], -548: [13.32213547157896, 67.16303637534553, 152.2049364189686, 175.72619445882665, 55.0, -504], -578: [-20.45287148669615, 5.411125088598877, 6.774526858764831, 73.44041422088998, 70.0, -560], -262: [57.950789576064324, 45.208584665959506, 140.36594488744876, 173.21867285063354, 70.0, -236], -269: [30.123712933897387, -31.993541443645764, 174.51412443491532, 188.17865022981545, 55.0, -257], -279: [-9.474524896933062, 44.940031529799526, -66.38756347092833, 97.68153172185886, 55.0, -275], -872: [41.54400029972682, 3.330535598143656, 93.08231827238325, 115.87197419236222, 55.0, -833], -883: [46.86828821516431, 1.3708993743659266, 114.59718799958127, 142.2358298837734, 70.0, -833], -901: [48.48643147292076, -0.5653444556826088, 117.43036552172906, 138.44184482265, 55.0, -883], -349: [44.540786473510984, -19.703784413685902, 46.1559186739189, 86.76110654281287, 55.0, -326], -352: [13.896339612923622, -15.013642998479252, 13.792981322816534, 60.28071055068163, 55.0, -326], -549: [-55.6353174864224, 76.93831352170294, -673.0825184800391, 681.9676453636278, 55.0, -547], -550: [19.615543342181333, 11.265512632892696, 37.103199520522395, 70.09514056017403, 55.0, -528], -520: [-110.52339514108824, 29.84652738270178, -334.66117589822886, 357.95158712304215, 55.0, -500], -521: [-33.35209661791452, 2.446147047399427, 53.16594438951767, 83.48630802124079, 55.0, -494], -531: [-7.591120053464154, -23.421188808560633, 212.17255358549005, 220.56375423867811, 55.0, -508], -395: [13.081883988401195, 4.665788684179604, -76.21492333400906, 95.0085249413982, 55.0, -393], -410: [-20.658091733440827, 5.070284192473175, -395.7943106823123, 402.499193669188, 70.0, -384], -424: [-61.761262521061624, 59.10776010477427, -164.66615859449323, 198.3005916256072, 70.0, -390], -805: [-35.766725809282484, -27.454571730099087, -199.20883214167787, 215.9100993174028, 70.0, -785], -814: [-35.859364084550194, 32.666016751585374, -104.76306538623845, 135.01208283736852, 70.0, -770], -816: [7.5024309582541635, -11.353795142727712, -74.20994423776109, 102.9189533477581, 70.0, -786], -499: [-32.086318367868614, 9.676370158281355, 175.16543277323882, 186.63089991874426, 55.0, -497], -502: [56.66570554685621, 55.28634800243974, -127.52170408371725, 165.6181375121247, 70.0, -478], -504: [46.628936299509235, 13.619041434466507, -56.55652825472224, 92.64651573720727, 55.0, -481], -524: [27.36752364620943, -108.2754004619702, 17.62550409956644, 125.730672830816, 55.0, -508], -1052: [-20.068287658270012, -37.48025848537913, 49.546522775254836, 85.3660580370486, 55.0, -1041], -1067: [-20.158722319245374, -47.40367958470691, 64.74176345916753, 108.374253674555, 70.0, -1041], -1087: [-12.89227799191192, -26.095710075136342, 57.49883210352587, 84.72492318919956, 55.0, -1067], -339: [-67.08965117407139, -40.287324733859556, -275.8894940546944, 292.0001759564971, 55.0, -335], -346: [98.59303082215479, 56.04306722712866, -21.211444031901962, 134.94938484054435, 70.0, -320], -960: [-37.214713975038684, 17.105731550012546, -47.70712888210976, 83.53748340882231, 55.0, -921], -961: [-49.78722830696946, 16.93255557578031, -58.94864538976791, 105.54819910403869, 70.0, -921], -965: [-26.42071204975993, 6.5526723348889835, -47.14773774509176, 77.38798817920453, 55.0, -961], -430: [-2.719390898780585, -16.686249825012023, 21.338243155726907, 61.36893873170704, 55.0, -406], -452: [-149.17245243548814, 19.6595296497784, 336.74552354692986, 375.41505737059134, 70.0, -416], -408: [-127.28532984599013, 114.32476899109912, 89.47507522060603, 200.75481833471346, 55.0, -406], -96: [23.611671309624178, -30.219077627970673, 71.32600941569547, 97.89332609471866, 55.0, -60], -97: [-11.011416653923444, -32.25973195875636, 287.80223504793776, 298.1477286537088, 70.0, -69], -107: [-19.207081641566678, -17.38222644215403, 230.29654063863754, 238.18595762847934, 55.0, -97], -506: [70.26958794057124, -24.57472405010295, 58.23768747962769, 109.35428795639963, 55.0, -485], -523: [-73.59266345342645, -26.095001334291155, -63.24713230641992, 114.55142493130207, 55.0, -521], -188: [-58.56091998742988, -0.3184678179628817, -136.65852842965785, 158.52456012897446, 55.0, -171], -213: [-19.789181467629877, 6.759765042737853, -29.20007387996399, 65.6882823735494, 55.0, -204], -566: [42.65628066072366, 1.9405167365314657, -116.62160964185692, 135.82681517457752, 55.0, -535], -591: [21.895852471434488, -49.20181997501186, 48.31930435049573, 100.67275012246428, 70.0, -561], -351: [-2.4337371062702764, -6.6227997293516845, -2.854782932151958, 55.52417796012152, 55.0, -342], -372: [-5.283525351432502, -10.020685611932048, 45.600137135530595, 84.3071900080391, 70.0, -366], -652: [230.50419146882328, 31.930698331020928, -177.63929209086723, 297.8799588343383, 55.0, -630], -663: [69.44824508276524, 16.499296995357344, -98.58956639696748, 133.56716718100634, 55.0, -638], -665: [-49.8578220363159, 30.924926669636164, -134.85434318413954, 162.87371606048967, 70.0, -637], -369: [6.138508516541504, 48.35793893932812, 81.3876283077154, 109.65909714575567, 55.0, -365], -370: [-0.6153346280066802, -1.5213783237110037, 102.55293072195816, 116.38211558642088, 55.0, -351], -376: [-47.531462831388474, -53.26280496652777, -64.89217365463692, 111.05026138383283, 55.0, -362], -563: [-62.5485086239781, -20.565667489421777, 40.278195648826596, 94.77655646358161, 55.0, -551], -574: [6.706911312399542, -1.2573654187374164, -84.436251388465, 101.00021869127157, 55.0, -572], -586: [151.15700850037487, 122.11785249306315, -95.00781768063648, 223.18758150205622, 55.0, -584], -373: [41.30454348875008, 41.83912263154549, -58.43117077084406, 99.47753119696472, 55.0, -338], -386: [54.43521299784748, 42.691577131694785, -83.56617275382507, 121.63086944042867, 55.0, -384], -704: [-11.012279958500983, -40.17954097822466, -134.0614371646366, 156.86980193062348, 70.0, -666], -705: [41.303190171110586, -94.01005421689582, -277.3023023564836, 303.87565006821666, 70.0, -657], -707: [28.8986949168789, -69.96603600424685, -241.55094172217196, 259.0409971585859, 55.0, -705], -773: [-10.98566939087858, 74.53930433381338, -24.420835559373046, 105.70321675309827, 70.0, -723], -774: [-61.57198742276451, 69.7737278881695, 47.121778673987855, 117.91922983127769, 55.0, -744], -792: [7.076685339450996, 29.46764523343489, 3.9000238340971722, 62.917658704879535, 55.0, -788], -463: [4.404545127170281, 26.802564355724527, 3.4261806065821574, 61.437091299710424, 55.0, -448], -496: [-9.622045936994395, 62.628299721763526, 21.24627809717579, 96.77960542921845, 70.0, -448], -347: [50.33738201079937, 11.959079243412805, 83.74833097649896, 112.76371111931617, 55.0, -345], -348: [24.958822365133695, 5.114668965575345, 56.40771988659806, 82.80056470391146, 55.0, -328], -380: [100.19592019143752, 63.46135162373255, 0.8368707687278645, 130.7373929891655, 55.0, -361], -381: [59.527922689070415, 68.37659260666575, 118.32995681953294, 158.88961790213483, 55.0, -356], -568: [-53.62839873588841, -25.5913903145719, -2.093525991100805, 80.99572371603094, 55.0, -561], -569: [-19.762878420313484, 2.93762766771062, 7.7821298105816545, 59.031877525273885, 55.0, -560], -870: [-16.23867547180414, 4.942700270190737, 82.6064824878131, 100.68245038758685, 55.0, -837], -885: [-37.13232708138187, 89.0198692369548, 61.682459322134704, 134.1941601615736, 70.0, -847], -907: [-26.2970392512036, 10.829744765630517, 74.82354959792409, 97.12044696921988, 55.0, -885], -786: [26.595996009825278, -2.30969908998751, 6.543272850400564, 61.48573926721318, 55.0, -731], -787: [39.96695164405308, -1.426543895640346, 8.546651922519079, 81.07057117283044, 70.0, -731], -791: [41.11926745318182, -8.625166059397344, 15.577277849845121, 70.94250651513346, 55.0, -787], -758: [39.92260773009558, -33.37824251779876, 10.056673373342209, 76.38100785461113, 55.0, -740], -759: [20.33157713240958, -117.22631147511866, 9.475476195793497, 138.36605718126722, 70.0, -711], -761: [3.0834473040757824, 60.71623648952494, -48.82454683404663, 104.78456658439232, 70.0, -709], -445: [42.06512091075921, -65.79921533037488, -270.82111905704085, 287.1725781871203, 55.0, -418], -460: [1.560803594517688, -37.40913501382179, 249.4544772884413, 258.1751648195319, 55.0, -433], -368: [38.276859365671726, 17.590231160792623, -45.809011509653565, 83.05419755004021, 55.0, -332], -271: [-29.011958577045274, -99.7141160384297, 148.0652644625572, 189.03153498336886, 55.0, -237], -273: [-92.01248241584159, -93.99128622006272, 48.63574437961854, 156.7357471573952, 70.0, -213], -668: [-28.862890485136283, 90.08707558969314, 103.0518795118296, 150.3111356699187, 55.0, -637], -677: [8.94213136087124, -46.313798686419766, 193.53702738771472, 206.65553617581682, 55.0, -675], -683: [-15.62147406414766, -22.658005610297735, -32.324643605062285, 69.47876117467422, 55.0, -679], -710: [21.673926223398215, -46.860529056831425, -2.4490570065749715, 75.47626210700227, 55.0, -689], -711: [6.275535176287701, -21.20993080558843, 235.76318230427336, 243.10187501696632, 55.0, -694], -713: [-28.20236225665111, -35.422970751968464, 20.98560607360116, 85.96834159169619, 70.0, -687], -237: [-66.59539792253324, -19.63365861004468, 100.86508196644493, 134.2355852036783, 55.0, -217], -240: [-49.05334640332758, 50.39845981775654, 352.5720483427869, 363.7008177307212, 55.0, -207], -242: [17.831116987008766, 32.274952321265815, -109.12792993109198, 127.6460981440079, 55.0, -237], -403: [-7.838297378666695, 73.4849856499646, 54.23230253811725, 106.90006857040737, 55.0, -374], -404: [-14.529133168016811, -0.18314394761981284, 40.69098182296384, 69.94201351145311, 55.0, -372], -426: [24.323141704737797, 350.25115550079346, -177.68226232387553, 397.3203663249095, 55.0, -401], -804: [-27.03709425455643, -16.8942425024493, -151.53064317282445, 164.32576096227635, 55.0, -785], -807: [-23.276326309498067, -11.49901925436299, -168.2918930769734, 178.94461737003962, 55.0, -805], -243: [-29.638217129005042, 46.312306682137006, 312.080154643748, 321.6244340644411, 55.0, -241], -246: [-64.25603820985788, -52.78563693145439, 139.997084917754, 171.87014196233986, 55.0, -231], -1000: [34.57768070964451, 7.383772529163534, -4.33545513447148, 65.528102911984, 55.0, -982], -1017: [-3.041924201611351, -29.331189396030208, -2.5657183478105106, 76.00101897260612, 70.0, -969], -1021: [5.076177232486512, -23.883170169318504, -13.145839618851497, 61.59534472601648, 55.0, -1017], -597: [-57.05134406403616, -6.215416866908058, -4.904920591862769, 79.64009990171382, 55.0, -584], -626: [39.024653046817505, 50.497491000411244, -12.487794893353389, 85.16962583021932, 55.0, -593], -432: [-30.883979262117013, 8.574033743205156, 15.224236542249688, 65.4531252728765, 55.0, -385], -433: [-38.91321086081745, 6.037205795603739, 16.254418290260638, 81.94444427337142, 70.0, -385], -437: [-57.25317665502043, -8.72486560620631, 156.32422373606173, 180.80739045630747, 70.0, -395], -623: [-45.62402283624002, -11.38996074438062, -245.57187625390486, 256.0113846538537, 55.0, -594], -624: [17.295405307187973, -19.08701128507196, -78.1224456475559, 108.01185841606325, 70.0, -600], -323: [10.431367479987692, 1.6866838970371312, 17.41111565836911, 58.64985318430195, 55.0, -306], -324: [-58.09402113531548, -31.141235369125614, -237.67748242701728, 252.7059110603289, 55.0, -269], -332: [58.62286547415323, 24.578596439407434, -44.71376383374832, 104.59478206637337, 70.0, -296], -390: [-47.39614144443801, -27.801247518125432, -9.197182012612124, 78.28723870694614, 55.0, -377], -391: [11.637731443650118, -88.34922933515041, -121.81660044269623, 160.64030397345812, 55.0, -384], -459: [-18.870341237118254, -39.78186363617298, -33.388112197321846, 77.96443092124318, 55.0, -443], -472: [-33.6978969908337, 40.82020623753409, -32.96040075267654, 83.14580877384438, 55.0, -437], -471: [47.30153812497259, -26.07640232643299, 30.64812629513615, 82.95614451432064, 55.0, -460], -678: [-18.548505776399004, -33.19845072865852, 44.81822302045679, 80.49756090734473, 55.0, -660], -706: [-46.8880130562066, -22.767261078793798, -66.06588434696287, 100.53126389305585, 55.0, -702], -65: [60.09139450440965, -31.809984262217053, -254.93061714428117, 269.51339549234126, 55.0, -56], -66: [73.01208960493591, -37.026771303097966, -300.4343378751048, 319.1591114100673, 70.0, -56], -102: [58.71712517933473, -21.968745977669926, -201.6357878194602, 218.20246909403073, 55.0, -66], -478: [-89.509884108933, -49.496199892302926, 67.78772798736259, 134.469584749348, 55.0, -443], -479: [-148.15537201812805, 69.44728722155988, 182.493583773664, 254.90556698279286, 70.0, -425], -513: [-22.202775296812582, 18.914011241495732, 57.59098659236971, 95.22302656819247, 70.0, -477], -720: [28.387951114914266, 33.18458643302428, -41.22075837124296, 81.43244725497335, 55.0, -709], -733: [126.55970029564183, -122.38735139199996, -148.5302041569213, 236.8168977640073, 55.0, -702], -747: [-69.14546951048558, -192.3920427155048, -377.64316825415887, 432.9378206891944, 55.0, -724], -421: [-58.57469221949877, -3.874010535432636, 26.31644991403904, 84.63780516008066, 55.0, -402], -423: [7.605977198226308, -49.5440585986522, 33.84725999753286, 92.51000832832742, 70.0, -403], -125: [5.621512682147537, 62.880996240729516, -106.69955325487986, 135.6297008691427, 55.0, -110], -142: [-135.7129656608082, -36.63361763774915, 881.8079554382838, 894.6341717506249, 55.0, -127], -146: [-60.57213498874058, 116.34688553655714, -3.265912939754152, 148.71532368414827, 70.0, -114], -744: [-61.658426846170556, 70.03336844059427, 47.14632529648522, 118.12794032422048, 55.0, -742], -680: [-153.38582841575266, 45.121752721151786, 142.34221572187207, 221.01921026016595, 55.0, -656], -685: [19.296153334195555, 14.420073880437444, 51.91711843891792, 90.41939643248395, 70.0, -649], -689: [11.478872917351858, 0.3821136482177387, 4.577422982202607, 56.3725406155414, 55.0, -685], -498: [7.125655979192201, 34.18924953137512, -129.7930764712655, 145.22714090874405, 55.0, -437], -503: [17.83338089219976, 34.9159881546099, -94.0151305765579, 115.76269036346021, 55.0, -485], -172: [5.999428282711952, 0.29327516274168347, -56.667666498225216, 79.1978760851234, 55.0, -149], -191: [-5.852638003067052, -72.44698062156662, 129.6879263497378, 158.51427889522012, 55.0, -156], -526: [-3.320557015294944, 47.85625833274558, -16.996107817179293, 74.93407263345223, 55.0, -507], -529: [-18.769666339786795, -3.6407127719583423, -72.15166469689927, 102.32994616693887, 70.0, -503], -565: [2.344243080129825, 29.84703638881668, 7.967100911506543, 76.54943339926307, 70.0, -519], -608: [61.64864305904054, 17.43036055260909, 106.2297452756003, 142.4399222175225, 70.0, -568], -703: [3.087359123256985, 17.940656503482487, 161.48481507537642, 171.56265456695525, 55.0, -701], -726: [-28.943373860369068, 37.77184579612987, 24.99924030511386, 76.90509242631816, 55.0, -709], -338: [34.88547520674745, 4.111672852035518, 66.2949013160592, 93.02642729111327, 55.0, -299], -353: [-7.941393598938757, -6.665193744276831, -56.67099909901063, 79.64981279841201, 55.0, -339], -588: [14.121378751788109, 4.65751417657153, -85.31165899636257, 102.58745019186345, 55.0, -574], -589: [55.19022377229881, -29.503258078056607, -51.49785876889041, 97.94606931897476, 55.0, -562], -605: [11.622406482327728, 29.336501056570178, -0.08786010990468185, 63.40913456341687, 55.0, -579], -425: [-33.60252576918867, 34.56797890840126, 184.4038088766097, 198.37802204902098, 55.0, -400], -428: [-1.43901471269035, 85.41762070876543, -93.25662571831353, 137.91315720864154, 55.0, -393], -473: [-44.773276467738334, 15.88278677254292, -248.2489462367431, 262.2678945448184, 70.0, -469], -495: [-8.29538130279295, -18.146853914906252, -107.35237749126122, 129.70217658541407, 70.0, -467], -388: [-44.62105562776236, -29.219944846515144, -347.09843826108266, 358.08123327738343, 70.0, -350], -823: [1.269132684340553, 51.25307489624776, 72.52440182750385, 104.4666322063083, 55.0, -788], -836: [20.192998908115975, 22.200264312799504, -53.71923512836578, 93.20067147417974, 70.0, -812], -838: [29.431462248695038, -3.4650536664530818, -36.01638649758461, 72.11378275580306, 55.0, -836], -852: [29.43902876809001, -3.4579336778889607, -36.00726018301907, 72.11197200199658, 55.0, -838], -375: [10.05983026285846, 13.144248395750662, -51.42672027873651, 77.09525931880718, 55.0, -368], -184: [-15.53834010875629, 6.073671519247693, -4.5540946514681515, 57.6547420179263, 55.0, -174], -193: [6.93268748128887, 21.388953555265232, 40.33304045533758, 71.81436933006101, 55.0, -188], -171: [23.69908824605882, 42.97265514627907, -11.869646570046777, 86.30865764054803, 70.0, -157], -208: [-1.8947787708035948, -29.193216100539164, 58.90140184105844, 85.73336101964574, 55.0, -206], -482: [59.65963002920918, -72.87795946778928, -332.7840869871859, 350.20096656535054, 55.0, -448], -490: [-27.326101294829172, 3.115685733955281, 180.75304775139148, 190.92691685821788, 55.0, -470], -926: [-104.16416251809935, -54.066802009202284, -48.96206607408055, 145.1574171265179, 70.0, -848], -944: [-81.26518448704282, -30.459747285296462, -44.49421216378912, 111.96678672925071, 55.0, -926], -292: [100.91895962260327, -20.562741199164538, -124.02666567280382, 170.33812413798006, 55.0, -275], -293: [129.6984776267246, -22.60420627442419, -152.28119311262566, 213.12486250034624, 70.0, -275], -313: [96.41757599400682, 54.083583667346424, 140.51591728448756, 187.05909759528913, 55.0, -298], -612: [60.28290440936948, -17.135143970836083, 141.84173342840103, 170.13735352621433, 70.0, -594], -501: [-141.7704081637314, 73.27001138397854, 180.6510040711516, 247.23901081956006, 55.0, -479], -530: [34.596102630905854, -50.68527532708969, 82.5557225443729, 116.6461948674475, 55.0, -528], -721: [-8.060625277386238, -34.206425372380075, 64.85785972062162, 92.01410318075416, 55.0, -700], -817: [-16.88822222056932, -10.238357504418472, 13.73157186326147, 60.029926536649434, 55.0, -783], -833: [-31.252281122997182, -2.0414954772094793, 48.83686440505843, 79.94318047271058, 55.0, -817], -1007: [40.86409621337121, -19.681065960834044, 32.264189412862535, 78.25085708897653, 55.0, -956], -1014: [49.445856769755274, -24.851692628877426, 34.74560212648503, 95.75884421476354, 70.0, -956], -1046: [28.14078111005161, -27.148268110366047, 22.828707032633112, 71.2396089802432, 55.0, -1014], -485: [-37.01402591897623, 47.339832134442055, -39.534553432911714, 100.36971025357975, 70.0, -437], -617: [-25.119461212456123, -23.8935221748314, -238.06693218571417, 246.78482922141038, 55.0, -596], -628: [3.537777444585248, 25.622161084876176, 77.12661659999445, 107.31973721580434, 70.0, -608], -636: [261.7622387973703, 195.12239559558353, 224.92576387221058, 400.26093761028983, 55.0, -601], -507: [82.14052908645496, -26.616290926586284, 71.10791484067194, 131.95388972773665, 70.0, -485], -508: [-3.3292200865555754, 72.15456675686043, -62.87554535977709, 118.61997898560065, 70.0, -454], -402: [-30.330178399964435, -92.4825464880014, 35.66557289561601, 117.34553343289856, 55.0, -374], -514: [-0.5660164501976463, -2.0060343639421117, 82.42636307952222, 108.15937258975035, 70.0, -504], -729: [-16.279347359981575, -3.6605080615908476, 19.605346401957636, 60.727144484790855, 55.0, -717], -754: [-11.679468738385733, -42.087320279327606, 170.56773530466126, 184.46166226418597, 55.0, -719], -535: [14.843872460890811, 27.108612520704327, 42.56948579914637, 87.56356858669365, 70.0, -525], -882: [-9.14782250490389, -29.882285407872008, 77.87776393298027, 100.33234649393856, 55.0, -855], -889: [-14.238683577060582, -34.26906726365304, 92.07142692357051, 121.46710145908159, 70.0, -855], -891: [-18.640796737141752, -18.607406422723628, 60.23302846143697, 85.71308298277532, 55.0, -889], -620: [27.531388217667715, -45.622960830375014, -58.506016698718064, 96.37108426324019, 55.0, -608], -635: [34.12630799657921, 45.22522938174868, -20.323748432463685, 81.53515205391624, 55.0, -609], -653: [17.719741710843916, 79.50206454021439, -20.96046291832007, 100.49332573960177, 55.0, -637], -306: [-15.58516058940949, 22.956588720961076, 169.0086972132832, 179.8856356967734, 55.0, -297], -307: [-126.63432405363677, 74.09838037407228, -34.02932643655035, 160.3428110652532, 55.0, -266], -331: [-3.075821034390289, 26.548185342569642, 146.87210607713575, 159.09331338416598, 55.0, -307], -483: [-36.34016714368316, 2.218762037463937, 93.58943555590317, 114.49678205383009, 55.0, -456], -486: [-5.3637433436950515, 7.438820997814693, 22.159921014571882, 73.99437748820263, 70.0, -470], -488: [23.164575331705155, -15.847844321661897, -8.659515133859117, 75.9127059344838, 70.0, -474], -573: [54.568717882938124, -0.6235067181522993, -139.66024226150395, 165.4784487495494, 70.0, -535], -584: [-34.691035765574014, 43.02793579118083, -156.4965184954184, 174.84573635672427, 55.0, -569], -252: [-8.7723634207372, -23.08716612950111, -146.7178028741896, 164.42653459860495, 70.0, -212], -259: [33.00252838984718, 20.43460402512163, -320.88257063121097, 327.8679064145808, 55.0, -216], -808: [-23.656934658471904, 2.1308959365720073, 110.2744807774739, 125.49761904382558, 55.0, -779], -835: [16.54377062198864, 21.484302293877217, -46.05345672201898, 76.68893314875717, 55.0, -812], -580: [56.899570538120706, -60.233812413000194, 247.0340463640314, 269.7989869295536, 70.0, -538], -585: [108.33882056766008, 135.29177355391067, -473.63768174876486, 509.1893730290319, 70.0, -581], -613: [-44.374719182964434, -57.3914350567631, 141.60179373531972, 173.8216341814265, 70.0, -579], -657: [-323.70236549119716, -18.541382798442413, 20.03516458251461, 329.4744483575674, 55.0, -630], -692: [-64.2715702050092, 25.666263688665282, -38.962346086965084, 96.60567395838595, 55.0, -671], -543: [-14.749761467893519, 1.9660835862617898, 99.96088748490654, 115.0591151313014, 55.0, -506], -546: [-57.4880743343837, 82.82634509940424, -280.5078194840435, 306.1857588538271, 70.0, -532], -560: [-1.8634238958565377, -15.750946182025752, -40.760158542835335, 70.27058544427958, 55.0, -546], -645: [43.30606603098425, -7.648300371904726, -32.041234147102244, 77.36635275963498, 55.0, -621], -442: [62.994073112349405, -17.446746999436186, 56.27394772589777, 102.2956471253955, 55.0, -418], -443: [-30.997890509739662, -35.857245386081544, -47.450241658418804, 96.94398741631075, 70.0, -413], -330: [114.22968363183848, 57.3189071938408, 149.62617511483546, 204.32050808477706, 55.0, -316], -337: [-20.072936445064467, -30.227375852718307, -109.26024832733157, 134.73833490517558, 70.0, -309], -359: [-32.559872432754794, -52.314583351928064, -50.391252216722386, 96.75349721892447, 55.0, -328], -686: [81.75926734331414, 36.044129705801225, -114.77217417249038, 155.50372679471255, 55.0, -666], -673: [-124.53562562113112, 23.18154025810205, -112.2253182412453, 183.14209759619257, 70.0, -639], -693: [-102.57840310266272, -311.1513754512752, 347.84382350121615, 482.94185237589215, 70.0, -675], -412: [-19.713333867490128, 78.56270724965647, 60.39364820559711, 115.03524349584255, 55.0, -410], -654: [-26.549172990402447, 78.16866667436942, 72.31880398622587, 130.17376251042737, 70.0, -636], -672: [43.04224857488118, -33.03286183749892, 74.26185178839829, 107.161689771108, 55.0, -654], -712: [-6.455898282773792, -0.8522027447625887, 10.177465759766658, 56.3115057643367, 55.0, -661], -579: [22.381246854733078, 24.805150992489953, 8.760031404365744, 78.05737554349493, 70.0, -559], -775: [-51.91408552563291, -41.69933598190721, -238.91012552314882, 257.70517064036846, 70.0, -731], -776: [-105.22850119666553, 12.401986546502663, 357.72231267628297, 379.5946518601976, 70.0, -730], -302: [-7.683256791106358, 7.330647156927586, -20.6094482369736, 59.686850974816444, 55.0, -283], -305: [-13.802741459380233, 5.975115265522247, -28.61971204509291, 77.10580776942037, 70.0, -283], -440: [-3.7887392443395234, -13.92981700839036, 11.398564422009942, 57.99415158299628, 55.0, -414], -461: [-17.206688968602478, -17.107201808271554, 100.36752723013677, 116.99302125025835, 55.0, -443], -299: [-61.42115384625374, 19.65937178337332, -68.35233704698827, 108.8856786657784, 55.0, -289], -300: [98.90272555334413, -18.428005297784445, 87.30917998895843, 144.11534759171082, 55.0, -298], -316: [-52.327744633753305, 9.357265667825965, -111.20587261837338, 134.97220967313032, 55.0, -314], -752: [22.91806480644146, 4.7314538152118075, 57.35365028739659, 82.83758537624526, 55.0, -727], -771: [11.253501600600728, 4.553755169307408, 38.08212464203774, 67.98989779127791, 55.0, -761], -164: [-38.36083747679378, -0.8465646215323573, 80.29140448109587, 104.61347980602861, 55.0, -159], -165: [-48.760601647358, 3.640925732332691, 107.12581949263053, 136.99194799391805, 70.0, -159], -183: [-97.08647900014019, -22.607565803489294, -417.62201335385805, 435.0230252227275, 70.0, -157], -528: [42.5754094094769, -69.75458878893188, 132.4279084923249, 170.63270229105888, 70.0, -506], -415: [-259.1857474446273, -17.017244150422478, -182.31968156567066, 324.9727751106433, 70.0, -375], -439: [-165.99049752577653, -17.13139722536922, -114.62232282627306, 209.78466800469138, 55.0, -415], -321: [-18.581359405736514, -18.609720086265856, -143.8490799066583, 162.12386125751658, 70.0, -297], -328: [-56.019167949858684, 41.452709210496494, 152.10500751358813, 176.11759591078103, 55.0, -310], -210: [14.13877595924877, 27.738746353707036, 49.5039509393813, 91.21394736283371, 70.0, -188], -422: [-70.12789874483302, 15.872898061906671, -122.6785178459272, 158.49255445011514, 70.0, -368], -455: [-37.61411288054751, 17.369335724583845, 206.05089577513152, 217.2521276329371, 55.0, -442], -718: [-71.82272784347782, 36.23825576142776, -215.60050689407197, 236.60155111175774, 55.0, -697], -724: [31.98914315173556, 131.35849361879428, -101.83980708631572, 177.973889750039, 55.0, -718], -418: [-40.01375835039574, -16.93008561112671, -29.63080047477244, 76.09673444307397, 55.0, -414], -435: [2.6802732351197656, 19.968570186756928, -6.973597504119089, 58.98778451567572, 55.0, -407], -451: [-107.16714444306778, 14.152970106731015, 245.77174504327493, 274.06906806960154, 55.0, -416], -194: [-8.651672165849433, -87.11510427739125, 167.17647519461724, 201.27559882664005, 70.0, -156], -216: [43.54121553175141, 73.97187207112424, -107.64141862735579, 148.2543433151247, 55.0, -197], -158: [20.674695958478686, 15.083052766453246, -15.195706275513691, 62.53679735118224, 55.0, -121], -169: [23.38103021965748, 19.30490485841737, -24.176022510617816, 80.02394635456928, 70.0, -121], -314: [49.76649414874966, 3.213416911812253, -51.50308585061491, 90.35816421465447, 55.0, -294], -315: [-22.980272658398228, 54.00591105458643, 24.094471779458207, 83.96591529079723, 55.0, -291], -317: [-12.668430509278942, -41.7515181672748, -256.6064414650446, 266.03673468563335, 55.0, -298], -527: [30.696743525205374, -57.32781757480304, 108.81441690540116, 138.18229285043935, 55.0, -506], -536: [-9.995854708800893, -35.41389298577675, 287.73209283454236, 298.40210819415, 70.0, -508], -558: [54.77530074454636, -15.930147136297117, 123.61761401575778, 153.08630786059362, 70.0, -522], -441: [105.517690272377, 64.39029388413411, 9.004381754088985, 135.59561865221093, 55.0, -408], -454: [9.611861898101882, 3.5514213091786497, 115.08765638196257, 127.96549978004293, 55.0, -452], -581: [-3.592225716488309, -52.21460932963135, 33.04282346387775, 82.80155611767943, 55.0, -560], -592: [-0.23789669490250673, -63.53561095488667, 44.38768848892322, 104.43704966934793, 70.0, -560], -604: [-11.32226399866538, -7.006336611157148, 10.568891628681893, 57.56721189204092, 55.0, -578], -740: [51.042218970036735, -35.75645246416476, 28.342159951125062, 97.91378881905455, 70.0, -736], -842: [11.458419755008471, 4.8051537017448585, 56.5608028208408, 79.86557018589046, 55.0, -822], -211: [-81.6192110759768, -15.762981391372376, -298.4016312252878, 314.60880584771024, 55.0, -183], -222: [24.30584452355692, 45.54648194119212, 25.922299623043997, 79.76353623661333, 55.0, -187], -238: [68.62836338396961, 2.6798511497809887, -114.31827263346794, 144.25914640273965, 55.0, -222], -215: [35.712674548527495, -19.07330175922682, -107.31281336602596, 127.20151679889311, 55.0, -192], -230: [-30.090849879766626, 12.112108091049537, -37.41596436581713, 85.74448552717556, 70.0, -204], -248: [-17.519032956329987, 22.042190740140004, 273.2058854033416, 280.1057487938681, 55.0, -215], -182: [-42.4823947562915, -27.49223180400819, 66.49496160275686, 100.03577656192218, 55.0, -168], -205: [-22.358665174224438, 1.900042935789568, -2.8944067668601443, 59.471822420899194, 55.0, -183], -655: [-175.63844007172912, 53.00606510038969, 148.40330812408894, 242.29537022079148, 55.0, -624], -318: [-11.085361750659956, -51.01996680565261, -328.4144444632319, 339.8263815392886, 70.0, -298], -231: [-2.355701766318146, 20.90250245529005, 175.71819366526606, 185.3222801626647, 55.0, -202], -614: [63.719492577308145, -25.262208172822884, 35.67980743835861, 94.84936243810506, 55.0, -584], -649: [-4.100681419183581, -61.460373090827254, -94.26697943363436, 125.32141261614697, 55.0, -638], -244: [-50.609171218590866, 24.845062176617628, -66.17440710102946, 102.87184979947342, 55.0, -209], -245: [-59.39274056986139, 28.08489750172505, -85.1634586560798, 128.33188921833522, 70.0, -209], -794: [-35.110983092714356, -34.9858261229772, 170.0772148409596, 185.49406505681526, 55.0, -773], -797: [-6.14611311593105, -7.097313477917543, 4.571736938439562, 70.77462358551928, 70.0, -753], -156: [114.1277768704831, -108.88830473619838, -192.90104082998948, 258.8293335675369, 70.0, -134], -163: [-27.961431926205826, -13.274572536009801, -111.9946911101515, 135.6497946487051, 70.0, -133], -187: [-45.82079911146692, 21.354607557994516, -23.89281731050678, 78.4310628144399, 55.0, -167], -458: [-25.52607088537207, -29.38596076894225, 43.286561786157684, 80.08646212953661, 55.0, -419], -436: [-53.19941266259823, 61.43249832181574, -132.1680412983864, 164.61324520936125, 55.0, -424], -447: [45.76516484731843, 5.478664392690416, -88.68114251829009, 122.01971609284806, 70.0, -425], -469: [-7.224608216588094, 17.450756501494162, 38.96635814518995, 70.00072094955055, 55.0, -447], -659: [-27.764445714766808, -24.82471131567419, 48.37119367838967, 82.16996480239649, 55.0, -644], -197: [27.83551306599977, 9.581960223043348, 17.801191698298947, 77.99687285553836, 70.0, -173], -198: [-10.232845415530416, -93.01403822324396, 69.30488599925215, 128.78078138939276, 55.0, -185], -234: [5.986582640940932, 29.19659806062788, 196.60795425131377, 206.3200624876731, 55.0, -232], -253: [26.186278053222924, 26.811954951786, 20.88618310583712, 69.7555354889335, 55.0, -223], -291: [-24.99809524321816, 49.935725045401874, 35.64855109101891, 96.38101782243206, 70.0, -257], -839: [-96.95499016409119, 57.985525127813354, -196.66799442776218, 233.37928630087455, 55.0, -826], -840: [62.29771906961709, -53.6119443287471, 94.53446943087249, 136.8101322510953, 55.0, -809], -862: [22.601187978552666, 52.99656740763249, -93.24046490202257, 122.63047806389288, 55.0, -840], -545: [9.22131707887003, -6.026946348377438, 59.584187261111694, 81.83295266897379, 55.0, -536], -465: [6.786427859057695, -47.79871152823968, 330.61924617971147, 341.3793467263166, 70.0, -433], -489: [16.756874486843667, -44.222154253461326, 258.4100424690508, 268.39735806866906, 55.0, -465], -202: [25.087114636493652, -43.894163939474275, -121.41410046216787, 148.98806911886405, 70.0, -176], -497: [-53.77657578000667, 9.957172482166383, 282.56991777132066, 296.2040239695492, 70.0, -451], -860: [-25.43961471356975, 20.45589102414996, 21.46533360272091, 67.46390161444026, 55.0, -833], -861: [-33.23121095183133, 25.678872538111644, 33.3464185410796, 88.1799382267336, 70.0, -833], -881: [-33.0262926579912, 9.283926274247227, 30.08043847592266, 71.46159858763804, 55.0, -861], -398: [-6.665785053301386, 40.61750695024312, -35.30842275932437, 88.54885249951596, 70.0, -382], -420: [-65.69236027049536, -6.615193614362203, -7.322727447687824, 96.50320886756656, 70.0, -398], -540: [-9.730100545683571, -8.130343333741969, -193.82317350483095, 201.87421808353199, 55.0, -538], -541: [20.716696961758082, -10.247118300538821, 65.53362037217829, 88.62189551998611, 55.0, -539], -539: [4.792104522478938, 11.179899102101905, 24.378038421285865, 61.377871965043184, 55.0, -535], -753: [-18.024071472758692, 48.39539317403596, 48.00151457453014, 89.42106370634087, 55.0, -722], -509: [63.525927876106095, -12.143661871983591, 66.69876872636996, 107.96637340299567, 55.0, -507], -152: [36.91646984576595, -13.542413727676614, 14.41391020086469, 69.13019255523234, 55.0, -133], -153: [50.451979431644084, -15.400954880725616, 23.210047454216095, 90.6713733359992, 70.0, -133], -155: [28.031673847162168, 62.066517051110004, -182.91810477901333, 202.7857498284224, 55.0, -131], -512: [-8.045861681396467, 40.98767689528534, -43.0767090371885, 81.39612035559844, 55.0, -508], -642: [-28.08920869809728, 60.994169010325635, 204.35206132902314, 222.02265034893685, 55.0, -619], -651: [-25.165669392123206, 64.15349117699817, 56.64114632259757, 104.79599612050424, 55.0, -636], -493: [-5.381323108424091, -77.27389956313617, -55.25573892911768, 118.12455662009371, 70.0, -451], -129: [4.844569875074097, -35.3094473617857, -39.89704625021167, 76.7267960347669, 55.0, -100], -140: [6.332162916342013, -40.11073671361031, -53.76873378133122, 97.15988997191863, 70.0, -100], -160: [-9.899804662499243, 59.06942020061595, 48.48024294480174, 94.67067387094895, 55.0, -136], -476: [-42.08272849104943, 7.951803396359928, 207.4178025560737, 218.8180340641422, 55.0, -451], -517: [-25.282777472963392, 15.197815913422902, -77.80825573411599, 99.74626361759755, 55.0, -496], -170: [-43.41971628743748, 69.09061851555926, -2.0037404699994266, 98.42662396534392, 55.0, -146], -522: [-11.125578780218278, -5.463802824274983, -55.49345254985472, 79.10850093637458, 55.0, -503], -135: [-42.56249547026881, -15.528436792880496, -236.68099791076395, 250.93942125923977, 70.0, -111], -136: [-2.352295889998943, 64.48031400802812, 70.17626362755672, 118.27067331867336, 70.0, -126], -1103: [-34.859074139157364, 57.50507904649607, 108.84953222856713, 145.84310005057114, 70.0, -1067], -1104: [15.954867909279665, -38.58487049049507, 19.7980437536785, 83.87677018843422, 70.0, -1070], -1108: [12.628561130203481, -30.391885160568833, 29.66541544065802, 70.62707776129015, 55.0, -1104], -411: [9.759555884107712, -52.85215545033884, 65.94087515011354, 101.30053446238409, 55.0, -409], -233: [41.400554895085584, 136.8991042472608, -772.0997689822555, 788.3485421764765, 70.0, -197], -236: [-5.617029909270871, -4.418001250861864, 100.47518307408795, 114.7664244185805, 55.0, -227], -900: [7.642831601667877, -13.033765809460194, -82.1018240603461, 99.97000270132702, 55.0, -869], -903: [-28.439858133528944, 62.78918651156818, 32.44059818300525, 93.96116157174171, 55.0, -885], -945: [-5.853764463458062, -22.395141217921957, -80.87807012728952, 100.50905997012943, 55.0, -903], -643: [-38.797774415724504, 79.60138175910622, 253.22462320863542, 277.24421919442756, 70.0, -619], -669: [12.03308274065677, -91.34389124325703, -65.53465359929578, 132.97854101351518, 70.0, -649], -661: [64.40745673900375, 41.22458521143986, 46.96653622322383, 113.81406957950894, 70.0, -615], -453: [30.1463693934584, 11.565257266300042, -54.268342100865944, 83.74133816472704, 55.0, -447], -457: [-2.9581913671747624, -44.20699548391511, 218.20191242290315, 229.34708180156122, 55.0, -435], -200: [-9.742267812246654, 45.95647597054859, 108.66298452920626, 130.53564138790472, 55.0, -143], -207: [39.543357255913634, 18.207709811997645, 139.8473707497501, 156.45282006178346, 55.0, -181], -225: [2.3065779976523464, 58.459964980900466, 134.90214976446913, 156.99196736999835, 55.0, -207], -199: [89.00580231338166, 52.703641100918766, 150.2413843310479, 195.37702064586017, 70.0, -173], -227: [-44.35129717907357, 67.47630961574711, -335.6225612168183, 349.55342012139374, 55.0, -210], -276: [-34.94457207099555, -35.44769300376882, 78.74611138260494, 108.1832339801139, 55.0, -229], -281: [-47.27479192644777, -41.953307620530325, 105.65948410365074, 141.62949040733503, 70.0, -229], -756: [3.521407168425932, 42.70457535194988, -34.72671515124775, 77.8911150878719, 55.0, -709], -757: [24.165312515531745, 30.416129685703638, 74.41490810216064, 109.30087749823362, 70.0, -751], -168: [-53.279565196624425, -20.115126880771477, 68.4365085332719, 113.25584354546781, 70.0, -152], -257: [32.07833518448053, -46.65356438815779, 265.26870151311994, 280.13043151500796, 70.0, -243], -106: [19.61705532414667, 62.046268381847135, 0.638651751150239, 85.20549369472654, 55.0, -99], -115: [26.209244019654072, 87.26984776809883, 2.701163349239574, 114.93583899284067, 70.0, -99], -119: [10.517879235365406, 53.3227625074049, 4.853345006732951, 77.47578810689969, 55.0, -115], -277: [-18.213529835689922, 19.043138480718337, 201.58284681006512, 210.6063102576026, 55.0, -249], -607: [47.58898217723027, 16.037220318948087, 77.9108593104676, 107.7822140184488, 55.0, -568], -606: [-34.12747047242627, -47.66249968892101, 119.51548718366905, 144.032460904452, 55.0, -579], -217: [-84.61798469907703, -8.214137748727266, 130.60351701015244, 170.8360443492809, 70.0, -177], -475: [41.17777420247539, 49.960437463869546, 208.4818535251868, 225.1251599647376, 55.0, -447], -492: [-6.684092056836489, -18.15118361353436, -81.76447173676526, 100.42196667855485, 55.0, -467], -229: [65.59089062533653, -29.61685953859644, -84.36908211091493, 123.78394612465752, 55.0, -213], -618: [23.81362014631503, -10.680468690285775, -26.68548508005504, 66.47011380970395, 55.0, -591], -621: [3.2281983538262335, 24.245923076147783, 58.938158905015406, 84.2436503573947, 55.0, -608], -384: [1.0373114633555356, 5.471388475016621, -91.99158244622441, 107.32410422583109, 55.0, -365], -416: [-3.992356812866845, -92.16266306721053, -135.87619669420818, 173.19710218316175, 55.0, -394], -419: [-57.0186878226266, -3.2006319632876816, -5.8962020603689975, 79.50559731688874, 55.0, -398], -793: [-66.79065435641502, -8.19976579071516, -140.09556223584715, 170.4552557903651, 70.0, -765], -288: [-75.12297863906639, 25.50533881126371, -93.54143572280864, 134.4209225699903, 55.0, -269], -308: [32.23083534475827, 35.6112721755305, -245.78263319232516, 256.40025786245553, 55.0, -288], -282: [33.885174654879314, 39.576481068422936, 115.7282066538266, 138.3203554451105, 55.0, -262], -289: [-90.94992010676272, 26.602580779487532, -115.75276465400805, 165.16139923299832, 70.0, -269], -319: [-18.48299493467428, 7.0312540237723775, 113.14600841845791, 127.35022126377227, 55.0, -302], -456: [1.0837512328723415, -28.229786471073503, 173.88777918976965, 184.5536645869901, 55.0, -444], -474: [27.760303036107008, -31.505678708778124, -73.08698145937365, 100.64764813148925, 55.0, -456], -1072: [5.993857253423251, 4.435569178417605, 45.502508437424005, 71.77101694144221, 55.0, -1047], -1083: [6.06392000737342, 6.026389035788473, 64.97194110628772, 95.88765103904366, 70.0, -1047], -1109: [7.243700955714187, -6.971989226921724, 43.837658501142265, 71.04801292210004, 55.0, -1083], -782: [-1.381821437293162, -12.925723224050339, 12.9166680519968, 57.97261478417885, 55.0, -731], -783: [-4.462377684044463, -12.319865365338604, 19.157047980490702, 73.74743646081501, 70.0, -731], -379: [24.683480565533447, -0.5053532570489208, -937.2934276103193, 940.227897393097, 70.0, -351], -593: [-34.55895136012643, 28.03323246088989, -127.28762338484202, 145.6273405246393, 55.0, -587], -615: [-34.33084890905538, -59.369973120437194, 111.26208041605202, 141.80145074591388, 55.0, -613], -196: [13.769693863265362, -15.600098970182966, 96.4627664220567, 112.97359365251607, 55.0, -179], -310: [-90.91300350895189, 72.69076611831656, 221.85587068898457, 260.13294494364595, 70.0, -290], -732: [42.21815027251127, -30.7262079357112, -234.1788880087729, 246.15284612526074, 55.0, -730], -149: [-8.635095666374758, -22.999840981635785, -92.80686048911522, 110.64208474262439, 55.0, -144], -167: [-54.64733819161666, 24.018095176943575, -46.9930312033221, 103.30317250227144, 70.0, -141], -616: [15.465121786094837, 53.20621323888102, 112.34003272316527, 136.8040718375073, 55.0, -596], -662: [-381.5895743505053, -21.89922367972176, 32.1083507739193, 387.48693583164226, 55.0, -660], -538: [-23.329372634838425, -4.411229639310056, -299.4611752276399, 308.4488840037926, 70.0, -494], -553: [59.19666806661439, 22.26601052064872, -52.20087303173874, 98.74184462511461, 55.0, -519], -647: [-4.672403112195794, 7.830576767679386, -41.550585000522595, 69.53129077791546, 55.0, -637], -755: [-16.999460531097956, -56.36346454824659, 209.49638598842583, 228.59255792007167, 70.0, -719], -780: [41.76506180606554, 39.39397215277616, 201.28910449212947, 216.42206222305893, 55.0, -758], -309: [-63.673866789249644, 15.569503577891311, -132.63235922357904, 157.8388845207973, 55.0, -298], -320: [-10.64419932034863, -16.49883235305872, -114.02491740538933, 128.1100785945099, 55.0, -297], -611: [46.020820869189784, 34.482603745733805, 42.57141676308879, 90.24572809710133, 55.0, -594], -644: [52.709360049732055, -7.286154946429378, 96.70338977704496, 123.32035632906174, 55.0, -612], -226: [22.287146309453462, -28.39309116598, -11.359579271218053, 66.76020190051646, 55.0, -209], -239: [-5.152267252953857, -2.8216228596162654, 118.27124276614813, 137.5594209018667, 70.0, -227], -444: [-10.23322426412525, -30.986415423528303, 185.8076771009996, 201.21970502241743, 70.0, -398], -646: [41.18849001529777, 22.580008667144142, 26.162684043134803, 76.91446247286325, 55.0, -626], -232: [-11.473997667900894, 6.9879653009247775, -20.952898498558827, 60.3697626053046, 55.0, -230], -221: [-7.351920189891078, -117.57439879544825, 88.06906938357046, 162.8924521415212, 70.0, -185], -632: [-40.334425406533136, -29.964869883063532, -117.71955883096544, 145.88575609476496, 70.0, -598], -533: [-6.523676590934429, -54.17274586617988, 23.547404570571153, 91.82442492580593, 70.0, -511], -477: [-2.643391169684797, 3.6667369509864836, 21.0571478960045, 59.066369062757744, 55.0, -470], -438: [10.406467753637523, 42.20074479237974, -135.17553847898887, 152.27154571758848, 55.0, -436], -679: [-16.806847308024473, -46.34124438865143, -50.92120009797098, 99.61400336971487, 70.0, -637], -360: [-15.561348782152196, -19.321982533415042, -117.06937503931758, 131.70320101287507, 55.0, -353], -594: [62.43408758829083, -72.19318681436455, 261.82581413946633, 284.05567845968244, 55.0, -561], -596: [41.05467191342098, -51.91680870961078, 42.66012770551757, 105.35999054840515, 70.0, -586], -696: [86.40058678573806, -24.753331470698647, 167.14266115977154, 202.273226096259, 70.0, -682], -151: [-89.14302190562208, 49.38705115972762, 113.60271256166632, 162.22248758445403, 55.0, -144], -154: [-117.71042199334255, 61.35156894402224, 141.1758988729384, 206.03493121392307, 70.0, -144], -173: [-18.62307553834104, -0.07293457364894049, 1.8472616555021122, 58.09678680944996, 55.0, -156], -177: [112.24229876513586, -97.34010807542394, 630.1702178281639, 649.7791422551301, 55.0, -173], -176: [94.08708500538138, -105.85652650190826, -164.36710500541452, 223.82924066287686, 55.0, -156], -224: [-18.96801288437462, -7.512384945867097, -37.82113028290477, 82.13805047743188, 70.0, -186], -449: [-40.60071861773563, -32.70330898475117, 15.670221886985543, 88.67626866764303, 70.0, -427], -228: [12.613207490820303, -23.151289878455305, -20.68469624742736, 64.40443994858653, 55.0, -213], -274: [0.6020637250223269, -19.598900318653925, -28.246036549403655, 77.98921691605685, 70.0, -232], -285: [-24.8808381084244, -24.84448151959579, 83.15592024213679, 105.7176023104562, 55.0, -258], -287: [7.095940855241016, 13.298743761051265, 42.43116807594316, 83.23228331922728, 70.0, -259], -869: [-37.115961439232805, -18.10472670119983, 95.7719133729793, 117.90943606686109, 55.0, -852], -878: [-36.412291847165726, 5.996128690048383, 116.86080637361383, 134.3251898309548, 55.0, -876], -886: [138.51747478397786, 117.30202872473087, -84.19334618789449, 207.50994266729043, 55.0, -878], -587: [21.246735599896333, 57.611271822547046, 10.912126436208334, 83.15381481341132, 55.0, -571], -767: [-87.37041982079033, 22.848665527181584, -57.866050187290085, 128.07861468766805, 70.0, -717], -670: [8.505882426492473, -10.475754965827804, 1.7012604026135654, 71.30908613153642, 70.0, -650], -675: [17.57055531130803, -74.20897620139954, 314.73830850734237, 331.3244624305163, 70.0, -667], -844: [-6.854045114959541, -11.523207029012706, -54.927236799721186, 78.87815652716557, 55.0, -816], -801: [-82.57027471939954, 9.141804713322802, -52.311114707061876, 112.52944318065838, 55.0, -767], -322: [-130.1216277651404, 83.92384459058319, -43.85842328537457, 170.06884193229865, 55.0, -320], -739: [-61.124208152750825, 50.5119774971019, 47.129545755300455, 107.39563667146584, 55.0, -730], -821: [38.25206994700439, 0.26632276876254957, 13.535156197350487, 68.34831553399361, 55.0, -803], -822: [11.45846119331009, 4.805088252144962, 56.56099168272461, 79.8657059454353, 55.0, -820], -850: [-31.542672856302303, 33.42585606096145, -106.26337173122742, 128.17617655405724, 55.0, -822], -824: [5.483002593538578, 59.9355858227243, 88.3693094028621, 127.79465016068816, 70.0, -788], -848: [-122.90481209380133, 76.57234367519186, -242.6105372927139, 291.0821008876767, 70.0, -826], -335: [-67.43576731206173, -34.64272939220286, -282.2001190809601, 300.4739732855676, 70.0, -269], -751: [-146.34375789796917, -29.498066159474977, -22.800052274167903, 160.72172773633613, 55.0, -739], -544: [1.8444386336448522, 20.50162643187779, 2.682433303665337, 58.78702313142046, 55.0, -519], -275: [-9.243036132672959, 36.92027225569281, -73.76697680665855, 108.58225954352986, 70.0, -231], -766: [-22.79586729535432, -19.2184968349381, -9.625224655630522, 63.2980816140054, 55.0, -750], -789: [-44.08269978794166, -41.25791946228854, -235.29808254430816, 249.06964485456388, 55.0, -775], -634: [-31.775805228263394, -25.208324147069835, -307.13127116246187, 317.6079015548542, 70.0, -596], -633: [-35.407503953942815, 87.0644346751041, 2.2054271025228003, 108.92093935625273, 55.0, -596], -162: [-17.784218632540558, -11.685282044758338, -83.88882929967774, 102.5434538627699, 55.0, -133], -175: [-8.818945008596138, -50.868343751512754, -55.112907115970835, 93.42266704531797, 55.0, -145], -619: [-98.9910856280683, 14.604400289143097, -67.98569511873335, 132.88934600789648, 55.0, -599], -658: [-30.721271314477022, 70.0527118316997, 51.33481045566721, 107.29138693610102, 55.0, -654], -500: [-112.40634220817064, 24.912194628712086, -338.9653656931473, 364.7647493239009, 70.0, -456], -132: [-33.9861658434789, -9.417633792590316, -195.99737185706365, 206.6003898105419, 55.0, -111], -139: [-46.67809465959021, -5.459484797919922, -210.67810686134462, 222.75303635638397, 55.0, -135], -762: [-5.420195163268704, 61.994661131182696, -21.413671688793578, 85.76865312906304, 55.0, -723], -777: [-11.895656184449281, 66.96025385147767, -8.289911076247702, 87.85729826010501, 55.0, -773], -400: [72.37589920762251, 84.95481872567474, 154.73320168775214, 203.21898463324425, 70.0, -356], -749: [-28.722893674813935, -6.179615062777638, -18.907003078908726, 65.15878320537179, 55.0, -716], -750: [-37.53997928952384, -12.71033252736907, -21.34398121749603, 83.22480478935952, 70.0, -716], -201: [22.27241648359162, -17.41307837466702, 120.14377065074576, 141.89362727296762, 70.0, -179], -220: [14.781992178411958, -27.18394763307565, -71.57983579041468, 95.42613475072311, 55.0, -202], -57: [16.51189073265226, -17.78935085807185, 79.87953913613352, 99.97421823710206, 55.0, -44], -58: [19.62191057697758, -27.25173157176694, 97.95322842429675, 124.99004443191866, 70.0, -44], -60: [23.62141673581468, -30.2297065910086, 71.32210915980237, 97.8961171047568, 55.0, -58], -150: [7.0932989153928885, 82.02941660721204, -105.86402481002858, 144.95286070789024, 55.0, -126], -674: [3.89745547783227, -159.39446870362775, -286.31647199557176, 335.11029370716807, 70.0, -650], -434: [-38.559294680249835, 7.811767401416297, -78.7457996881354, 103.79664678926831, 55.0, -422], -427: [29.854062080029852, 80.04837386654506, 88.96238505533103, 135.0492989100256, 55.0, -405], -251: [0.8718385992076791, -6.773527450396761, 72.66923346691141, 91.39178447394941, 55.0, -239], -261: [88.38131026613883, -229.05651484442578, 154.31295982810533, 298.31297753859883, 70.0, -239], -180: [18.01884758084815, 19.355388611345184, -19.88888245679163, 64.18627253407149, 55.0, -176], -741: [-39.80393675221509, 44.32565857048366, 34.85585856465529, 98.30589130342437, 70.0, -709], -223: [29.76519510951287, 52.3196422968918, 28.133115028430975, 96.51312849133534, 70.0, -187], -516: [-13.470888845258123, 66.81106716391321, 23.47982280721723, 90.6724082669063, 55.0, -496], -254: [23.331053284715033, 30.437066229662097, -24.976688321186664, 71.55129633722055, 55.0, -235], -255: [34.479173285672935, 42.52511655088791, -30.223569958611744, 93.86513255289827, 70.0, -235], -267: [31.40028039435084, 40.62031896282259, -13.110464612893331, 76.373242721854, 55.0, -255], -602: [58.643566525408325, -42.27093490122815, -62.637612106003175, 110.3375288946874, 55.0, -598], -515: [-29.980857310231745, 19.003543813950472, 57.96523275851995, 87.43543155548905, 55.0, -513], -812: [45.68193460599102, -22.503585451528224, 71.89616251140168, 112.52692429541544, 70.0, -780], -828: [30.689745427950758, -30.002558207597676, 56.657119190614836, 89.8723713296375, 55.0, -812], -583: [83.44355535019031, -33.960189906937266, 40.264791469798475, 112.97068141824175, 55.0, -558], -595: [84.04741742495787, -89.25606930840354, 341.2444512267795, 369.29444861418847, 70.0, -561], -212: [77.84065981629419, -21.9671194666038, -90.40914466637719, 133.19360381640703, 55.0, -195], -334: [-24.08415267992904, -194.46357452751909, -10.333242963613921, 203.78396438011302, 55.0, -319], -371: [-0.5011839422319153, -7.489495175565754, 133.40561860417895, 150.84231103537377, 70.0, -351], -464: [-115.8747769693421, 56.58314200732252, 138.18654902091794, 196.84800793359875, 55.0, -425], -134: [-2.87538198417839, -33.20084042710411, -54.02723423344861, 83.99110468101303, 55.0, -113], -143: [-6.844117886859673, -47.522120152882536, -73.70688210670363, 112.41840740450712, 70.0, -113], -145: [-8.818986258493913, -50.868511198380986, -55.11289385465266, 93.42275429038436, 55.0, -143], -174: [-28.725362573228434, -2.2765848023081476, 4.798731935530564, 75.85088741415366, 70.0, -156], -159: [-15.461492105032256, -28.739839219927465, -62.921322436917634, 99.61992227316688, 70.0, -123], -161: [-17.763271889212287, -30.778940348800756, -67.5395278802614, 94.0715941370918, 55.0, -159], -414: [73.58079366103561, 79.31040774175192, 130.10266410225785, 177.92126679645625, 55.0, -400], -664: [-34.86916053742518, 25.902091832672248, -105.7040062363825, 126.82710141099226, 55.0, -637], -697: [14.639066200294756, -72.2997530251477, -66.81600294293786, 113.7142682163705, 55.0, -669], -551: [-97.0987673196929, -39.545494843571326, 70.40968771264944, 144.3937010441231, 70.0, -543], -796: [35.16614494415899, 10.337136333424224, 0.8939752895401654, 66.10078161132218, 55.0, -783], -803: [40.96860577993053, 10.556440000577389, 5.067728654033491, 81.94844085611429, 70.0, -783], -630: [316.5421831366707, 51.63436160001641, -225.73464908243437, 398.3982841317727, 70.0, -578], -631: [5.322089854431658, -22.000175629975146, -130.1122631523196, 149.47084461789484, 70.0, -609], -690: [-81.06172756845817, -254.42760750227663, 278.72120833859555, 389.890911811807, 55.0, -675], -695: [71.84352199813512, -22.792148564150686, 141.8315904991829, 169.7709449605401, 55.0, -682], -470: [-49.05603480720234, 16.588123701273695, 258.8455737578291, 273.0983182902339, 70.0, -442], -487: [-58.53244735973412, -57.33334305745935, -155.54752785203084, 189.23052882910483, 70.0, -431], -362: [-77.88154716932384, -144.10191893761603, -43.486575423118694, 178.17682417481083, 55.0, -353], -278: [6.503250824649463, -3.5182673577088126, -20.112008814953782, 59.02680217546434, 55.0, -274], -562: [39.170894054224696, -23.525994846820467, 87.38191642329129, 112.90894868143529, 55.0, -558], -687: [-54.27280766029128, 26.816143916241963, -133.69972774306407, 156.73308656578234, 55.0, -665], -813: [9.547925894715625, -0.6143052091222971, -80.28108001379235, 97.78339362060342, 55.0, -811], -249: [-21.688587679720612, 28.118265894056467, 322.54949130103444, 331.96265761525933, 70.0, -215], -272: [58.27346589320431, -26.478169810832274, 29.579242271267248, 99.35704241310748, 70.0, -244], -779: [-4.404205181107779, -31.374506784872437, 146.83673810003896, 159.96807292435182, 55.0, -755], -694: [1.027515917207797, 14.1763859121538, 124.00626189572806, 136.39860225032484, 55.0, -689], -701: [-44.46288524937141, -28.23288978459468, -54.55618207935293, 93.67721832635378, 55.0, -676], -298: [114.5198131402162, -18.982464424629576, 122.85239941645149, 182.9421591642607, 70.0, -276], -383: [50.33738197273662, 11.959079232008374, 83.7483309217896, 112.76371106048356, 55.0, -347], -203: [6.148705554891584, -19.1338390992019, 101.54268832648098, 117.21701212385413, 55.0, -201], -206: [-5.175305556621678, -25.5113794959158, 88.77516126243424, 116.01139396007721, 70.0, -170], -1227: [16.418278589684093, 32.2011904659427, 96.97072211055338, 117.19555232991809, 55.0, -1206], -1236: [17.552001061343336, 44.23322250857945, 118.92498928816238, 145.97192809557745, 70.0, -1206], -1252: [-57.096623111976825, 45.46443336774765, -64.1511971740228, 111.6575799984123, 55.0, -1240], -547: [-65.69108267404326, 117.13327321214017, -894.1005054722139, 906.8358373608455, 70.0, -481], -564: [-54.57321716081879, 24.15086864673486, -75.29800101653262, 110.70812727509882, 55.0, -541], -284: [9.911316529085715, 10.074031984365323, 32.497715373063286, 65.42798957808787, 55.0, -259], -297: [-27.798795575077836, -20.75946015347644, 73.02822538716151, 106.94320887502302, 70.0, -263], -204: [-70.21996276408086, -37.96028013347126, -9.300738784768159, 106.57546518942813, 70.0, -172], -178: [32.2177996440875, 25.48212670542814, 150.7249737675165, 165.62108293498324, 55.0, -147], -179: [45.45911998562634, 34.02730385740547, 208.25843576234158, 226.92722415754605, 70.0, -147], -181: [39.557724618123245, 18.184625645807373, 139.79048038377627, 156.4029174688515, 55.0, -179], -394: [9.169707255469657, -109.59027118456333, -152.6221593858265, 200.71779842617292, 70.0, -384], -567: [9.822552651361153, 18.096882298625253, 15.466793862858387, 60.730563984827384, 55.0, -565], -446: [41.15097807145206, 3.9639521511154827, -74.50522433683025, 101.41570078826486, 55.0, -425], -462: [-24.492169283423284, 2.6093949391352274, 394.38828934703406, 398.96591091500045, 55.0, -446], -294: [58.21348592081257, 18.926130391919514, -56.811933622641845, 108.9706573193355, 70.0, -280], -722: [15.77412677996178, -28.62644364131915, 207.17679181969746, 216.83062380559207, 55.0, -712], -888: [-53.89540426305337, -22.381979109722472, 126.54617933316331, 155.9474369567103, 70.0, -852], -916: [-50.55761474818971, -26.48148756797675, 93.91897825707228, 122.89473572814946, 55.0, -888], -519: [59.19667378723808, 22.26601262801152, -52.200870729261716, 98.7418473126594, 55.0, -517], -258: [-73.45993614697365, -80.25846978547138, 38.91607366927885, 127.97361048612957, 55.0, -213], -748: [-87.43575158745259, -241.7411056250653, -486.63211933932905, 554.7923867332523, 70.0, -724], -770: [-68.07278963462764, -184.55031477672352, -346.73265134068095, 402.4192526191636, 55.0, -748], -798: [-4.632034293368029, 1.8809899895664022, -74.7174314041076, 92.91226194998866, 55.0, -749], -853: [29.185004592834478, 5.2871637395288635, 128.3087808232423, 142.7160181263448, 55.0, -844], -534: [-46.83018306314755, 84.26332164467354, -659.1299059114469, 668.4090112252785, 55.0, -481], -858: [-110.97545946198773, 60.316392198966255, -189.58674230885467, 234.35390466126833, 55.0, -848], -572: [24.746385441816003, -1.2651895661166834, -124.96572699439072, 145.36305314731712, 70.0, -542], -325: [45.45973376112683, 21.22375154494724, -39.642176776219486, 84.34178799878039, 55.0, -296], -407: [7.152764660453734, 17.61516595922205, -23.466044178645394, 76.23720445722618, 70.0, -379], -393: [62.88848502731512, -1.8397757733852127, 328.66135275615346, 341.87224385643236, 70.0, -345], -765: [-77.41077719577166, 8.790215447946407, 278.2375261194617, 294.12721270693885, 55.0, -730], -802: [-87.07007172410223, 6.89726693802672, 254.35003046117674, 274.49536913553965, 55.0, -776], -609: [38.9480596173675, 58.39168044566243, -9.030101439745355, 99.53935113932812, 70.0, -601], -1092: [-23.262874229645433, 41.14304731271076, 81.97156666971057, 109.44518903034094, 55.0, -1067], -1129: [-31.30021928310667, 46.661401861290145, 69.72631941299507, 105.08924668925162, 55.0, -1103], -450: [-44.27430876102232, -27.01751405712422, 265.93313596903204, 276.4698777234455, 55.0, -432], -247: [-89.25305730844278, -72.92280724821646, 184.93417912307254, 228.87659265156265, 70.0, -231], -126: [8.567540281402712, 88.26674164994208, -141.05818960415075, 180.72585117345997, 70.0, -110], -296: [-20.051253562344733, -18.973667788426503, 61.79185278734074, 87.20829037230007, 55.0, -263], -166: [-48.55693252447733, 20.89610305663707, -38.90141259054667, 85.63143535338051, 55.0, -141], -570: [39.49047629667018, 66.37400215596476, 8.592917493206311, 95.2042231803975, 55.0, -563], -799: [4.069807564700816, 48.15074562969338, -24.176800506985437, 77.10107211358158, 55.0, -761], -301: [-23.61915545592356, -29.30005144689667, 70.68970659934774, 97.15138773246495, 55.0, -297], -610: [64.42036013056648, 12.112140183539832, 85.90615048582244, 121.249962599872, 55.0, -608], -518: [-34.63805210820595, 21.66682060549368, -93.47854292907923, 123.72341636547685, 70.0, -496], -785: [2.2368473219953895, 18.864422857203945, -6.514981301081451, 58.551813951668116, 55.0, -758], -788: [-53.403625047534895, -6.3000958776765605, -118.88502941684804, 141.59904164834748, 55.0, -765], -590: [-84.00432468123907, 1.8526378332863813, -59.82379625893353, 116.89330789622966, 55.0, -571], -599: [72.25552292602598, -89.71045295658043, 325.37888486569994, 349.52145095749813, 55.0, -595], -532: [-6.907418283129028, -45.30314305671938, 22.714484593196342, 75.10682398084904, 55.0, -511], -557: [1.8365438613866358, -35.878140265304076, 7.553121273876952, 66.12611801118771, 55.0, -533], -367: [-68.65997153176978, -142.53346038417618, -26.52112674368564, 169.58286819011406, 55.0, -365], -401: [-48.74664435120174, 11.818853047978672, 125.96578739076098, 146.31575518667375, 55.0, -367], -387: [-68.69018079289384, -142.44003702261693, -26.64032344402785, 169.53528222044915, 55.0, -367], -671: [4.0270055967643925, -115.39086661396385, -208.08026570116397, 244.2409995194602, 55.0, -650], -290: [-22.95901253618979, 43.914662770324384, 30.010979478754415, 79.88286895287658, 55.0, -257], -660: [-33.1541349096735, -28.02073164575006, 54.73354380772835, 98.8944835737792, 70.0, -644], -717: [-5.105338623061037, -3.927754003885326, 16.748994757106566, 72.2635493132239, 70.0, -661], -250: [25.023767949653482, -38.69057225097363, 224.4863932995787, 235.67411847752618, 55.0, -243], -130: [22.106646478312406, 57.47031299823726, -211.36847248049048, 226.92106965499767, 55.0, -119], -131: [32.76983841492363, 74.88460779847996, -265.3506764088389, 286.3434096770882, 70.0, -119], -714: [80.26258309165374, -14.712150638383793, 128.33362027567566, 161.71903942953784, 55.0, -696], -1010: [-6.645088267608101, -16.712603538571592, -66.88473043329111, 88.44227202110875, 55.0, -971], -1027: [-11.632551876957377, -17.702265895717577, -79.95524666060803, 108.35833124209444, 70.0, -971], -1063: [-21.425559077400116, -19.002484219077633, -61.00206410577814, 86.98506086358121, 55.0, -1027], -629: [267.2971732466042, 44.08423941666022, -187.49551234699393, 334.02210426981077, 55.0, -578], -260: [66.30342411410145, -168.8480370475204, 111.39230648529762, 219.86143274383008, 55.0, -239], -975: [30.99922077492615, -5.511960997019662, -5.5678773176083185, 63.61866597555483, 55.0, -958], -982: [9.283479224116968, 31.12713502546692, -27.911430081747117, 69.70745620524765, 55.0, -957], -214: [-66.78179268194695, -10.927218099997997, 103.5586366352355, 135.3831715944349, 55.0, -177], -556: [-15.794182089016918, -17.03555530231966, 223.97457802309924, 231.7957677200875, 55.0, -536], -742: [-72.49050975967086, 66.93424427008874, 59.39242878233931, 134.76842233212528, 70.0, -730], -295: [-64.98317992236423, -82.47094727015406, 31.189411617047913, 122.56447370048362, 55.0, -273], -993: [6.743073484225388, 42.195816684560356, -35.960654165130705, 89.54956523442658, 70.0, -957], -1003: [17.491351089306935, 37.41368978206237, -24.195749903673597, 72.91204193711022, 55.0, -993], -1041: [23.41769315445128, 15.297259884560583, 156.27210658235484, 168.01299297476578, 55.0, -1010], -1048: [27.304323145247874, 14.706934401727493, 201.02908592570998, 215.11511655400537, 70.0, -1010], -1062: [24.704726779022312, 2.212059725109045, 135.07226615019218, 147.93489722307564, 55.0, -1048], -854: [33.04823642163187, 6.206939222139982, 169.31560838404968, 186.27529967107367, 70.0, -844], -876: [-54.91242209329361, 20.297699612389696, 140.83325492341717, 167.81351674412593, 70.0, -850], -326: [12.205361278300087, -3.328450217781367, 21.22943503252208, 74.23434741806618, 70.0, -306], -650: [-17.41677434409203, -8.607547273020913, -239.6546361096887, 246.6511271157657, 55.0, -634], -684: [18.402020007287305, 8.812873369220913, 43.3076578477219, 72.9167628575616, 55.0, -649], -967: [-17.152790891621308, -21.274695685766854, -21.1447260303295, 64.95329361003465, 55.0, -928], -968: [-19.924652905036933, -28.177650592059564, -32.42811150729205, 84.5136332327735, 70.0, -928], -970: [-7.414333931917315, -20.442619723546848, -36.18341919509096, 69.33334604260206, 55.0, -968], -1237: [-45.811031041497905, 35.784972585688976, -68.23041195233883, 105.16465158611736, 55.0, -1210], -1240: [-56.88856159629993, 51.27860909060682, -87.52323923962311, 135.7428510005576, 70.0, -1210], -385: [9.590531061798925, -6.668562875564626, 88.81686033741643, 105.11842225351761, 55.0, -371], -133: [-42.203697815586295, 89.49671126745703, -2.387177196112429, 113.23211581510577, 55.0, -114], -737: [-78.19735111243813, 52.58821326827098, -251.89716948748585, 274.51325995579566, 55.0, -727], -819: [9.998818318924666, 14.315998380291777, 45.06328861253568, 73.21628342094448, 55.0, -810], -820: [10.376204721007065, 13.612519517833695, 52.97259128553397, 89.43747391077123, 70.0, -810], -734: [160.83551776850933, -148.18850965064507, -183.90230216207425, 294.19033789173756, 70.0, -702], -738: [99.7452837568233, -96.83853647703118, -112.48127836052835, 187.09319004271953, 55.0, -734], -1128: [15.227112009283651, -44.2925976189643, -6.482017562875324, 72.53079136245638, 55.0, -1103], -1137: [18.992952751961614, -60.532206023378656, -13.127565506395497, 95.37931220353664, 70.0, -1103], -1139: [24.688051296857804, -45.888445210416876, -19.800114755302566, 78.30896388657476, 55.0, -1137], -875: [-42.266478432112955, 19.99076565520405, 108.36693294641994, 130.20936243890995, 55.0, -850], -795: [-62.147721715488494, -18.07828369863585, -113.94702132415668, 142.11997510751956, 55.0, -793], -241: [-56.53705697600246, 58.33508260927223, 431.7071983315936, 444.8263995828622, 70.0, -207]}
