1336.9377381451077 2.14628976520693e-12
1.5620064540643967e-07 0.02032628021535135
37.60832347020614 5.240787624115239e-10
207.29170344894743 1.80957421267723e-12
1.651603777195276e-07 0.0018423665283853028
2.8347951518517003e-08 0.00023800200700222697
3162.812248656931 6.366553280491491e-13
5.26522753646258e-06 0.0002897614828251558
72.10460087178878 2.116947196498258e-11
3.8572819200567036e-07 0.0030641341238795425
8.274223328792271e-09 0.011494348334732476
1.8945828195493969e-06 0.0008191514389281028
3.6922920239835816e-07 0.009564179144120735
956.2926503130722 5.1661750387372863e-11
74.88253056100432 1.782316482492743e-10
338.9885590969898 3.2299705136802693e-10
8.135381427680411e-07 0.0024172610253519466
1429.692895565253 1.9876886963281123e-11
7.73299901503943e-07 0.0070359680541492026
2.2702854835863962e-07 0.004000244392694934
4.472931816514543e-07 0.0014538454112076563
8.905909448198464e-07 0.0017555158607574688
1271.5385168058624 3.729423302833684e-12
2413.6872885935463 1.3280569075964595e-12
4.117439247019275e-07 0.020698698830362853
673.1800994368517 4.2592111021507015e-11
580.6142277562248 1.1848126038932964e-11
3.1918675757920513e-07 0.020567975710632937
1.767191252568129e-07 0.010737167568956898
1007.4030557122154 1.0093992808988941e-11
1.501659773680668e-07 0.0010220381058873259
36.21858628368296 3.585516622062692e-10
1.081854153728711e-06 0.0022831635292513983
1850.5924695284928 3.92235315683935e-12
2.776210980955289e-06 7.218081374401165e-06
6.705388511874585e-08 0.008471411495664069
1061.196209110585 2.434655393495191e-12
2.0505671882582686e-07 0.025127247520514033
1689.328348355865 6.0474487516559244e-12
9.139733557464254e-07 0.0035529296120153935
1.2060571161168118e-06 0.0019857248182939395
384.29945253048066 4.770239057560937e-13
1.5709559795787255e-06 0.0002713448586777775
2.3078330125657278e-07 0.005250064316044931
793.9524351796331 5.852215890784332e-13
2.6887320406164443e-06 0.0006064143556024993
403.47828434541196 1.1411560687064152e-12
2.643841463011386e-08 0.014321183857584279
603.1320664281111 1.4376445219313664e-12
3.280963947155056e-08 0.024770916318707904
2.058196593967435e-07 0.013762969426128159
4.409423407123191e-07 0.011557770975157831
6.383422509006468e-07 0.0006850308875080446
1852.2512310723573 1.6384151324811505e-12
9.221073769301728e-07 0.009914205327507569
678.426496581552 7.554248942113998e-11
1.6387554327039133e-07 0.002072212237289593
6.480395859666685e-07 0.00016685484796052759
2.452660827769039e-06 0.0003660669853976427
4.924524602746e-06 0.0004624723950030427
2.589518384596811e-07 0.009418984369920403
1.5764014659856912e-07 0.01828250259436291
3176.547969972738 3.0320804164827554e-13
8.17240590462188e-08 0.00101747782808074
1.7931537349828647e-07 0.0016056788556635454
2825.0529917020035 1.092982864954506e-13
301.38194580620956 2.9913424997009557e-13
5.5909543759620403e-08 0.0008797499821035851
5.559041570437102e-07 0.003154824310674976
1709.7195141757425 2.587564548705074e-12
1.0072186951639869e-06 0.004195997743013409
6.441627663931666e-07 0.004872614628013257
9.191831629207818e-07 0.000913792893038902
2437.671511968653 2.139727231113465e-13
8.978719428837517e-07 0.006015059696354692
1340.565898328957 4.099886054769655e-11
2.66627676549494e-07 0.010764553374515942
2.69050136551708e-08 0.003672775234024053
1593.5397046205157 4.511689038353993e-13
1.5149782085804573e-07 0.0024562861634163163
64.50864407350585 8.657940904548018e-10
1.4109220166413767e-07 0.011813217302362877
798.6237200842644 2.0938483500944047e-11
248.26444402158697 6.819554107893391e-12
1.1896879717219934e-07 0.010338705504590762
5.469065407764381e-08 0.007425491954038321
5.300451994777698e-08 0.013655894840389225
1695.9601264890644 7.159221540075372e-14
4.695071865634667e-07 0.0001384440127145239
1.3308362864357853e-06 0.0001516684372084407
3.316262700290335e-07 0.007981986247719045
2.1039779162252063e-07 0.0007852746287301399
1146.5236642582076 3.754315051680079e-12
451.7350310776398 1.4697231836683066e-10
1909.0149585814347 1.1553207804290828e-13
2.2120996243543442e-06 9.523966174369069e-05
3.8085359577203336e-07 0.0051515557749522755
3.35792685080332e-06 0.00039718569940063944
1.2323948074431428e-06 0.0003375683019072505
2.6846868233548933e-06 0.00026843036057746383
6.600637151433675e-08 0.0049470927566697635
1130.6869253459286 1.1017303974603225e-11
4.109144803011661e-06 0.0022980306121718947
3.796523057743795e-08 0.005224288215324473
7.260375760897598e-07 0.0006133865750685756
8.790186944528395e-08 0.0010207570612568938
898.130923532399 4.076939757236461e-12
5.995071975930995e-07 0.0015192556030862937
1.4483032253544902e-06 0.00039161410052162687
5.999582915016183e-06 0.000359050083604928
93.10695591732402 7.757539645070368e-12
1844.3782648223269 3.472778095143429e-13
2.613847308711913e-08 0.028375811289846713
1.0665842329777388e-07 0.009966423724487068
142.4668892968305 4.997997007380395e-12
383.4343144869984 6.731576815710142e-11
1.4046396444146644e-06 0.014439912843402519
8.440381209801977e-07 0.00037813990824894734
1428.6855332315529 3.508754940168044e-11
1294.9038511180088 9.837319413452e-12
8.882619073256874e-08 0.0005021465182734452
1507.3302139948987 2.850976133813771e-13
1046.0103508771006 1.7733232206614543e-12
347.6573220217631 1.4952455551916303e-12
2.679143773919519e-07 0.04981732129135893
1.3397734195013253e-07 0.013439247533284432
1693.1482860362955 1.2489013508513174e-13
1.9505365823839387e-08 0.006839019868833084
2074.521524196583 1.2459663167114706e-12
3.480428207631091e-07 0.012792579635008614
3.2386212024162727e-07 0.003038154556939823
2305.4109647094656 2.7037357044075413e-12
593.5208995514779 9.98436014768243e-12
4.7665165783669006e-08 0.09074170242906993
291.9189714610756 1.0971877788775439e-11
7.607602207533739e-07 0.005186465634378522
2.652018326267889e-07 0.024865486146678176
1765.1228593170408 7.007516716937505e-14
4.38031669486796e-07 0.00012216952486440014
1.0712740887674875e-06 0.0014199874403306098
1.2303569499122025e-06 0.0018452777024990752
406.3383913251576 1.7741221053980953e-11
7.238298064703128e-08 0.0026410761773456035
2693.854966467354 9.093748586011123e-13
7.535921048520968e-08 0.010007768437040042
1024.6752867195569 3.159165697885163e-12
765.7253249299029 6.210611802319386e-11
1.3096245105998798e-07 0.03323232057607358
906.6091292267639 6.569342688705109e-12
3.438590591875837e-07 0.005679570963764604
38.380354037125436 2.8460102786016696e-10
3.242642783595701e-07 0.0017437443013811138
394.48087077509325 4.304242534428838e-11
1.2254846782181e-07 0.00025933823081539947
901.7598422772238 8.028277027546644e-13
3.1788245121767996e-08 0.0016241209280899367
2206.8151091940017 2.563448574127399e-13
1.0718077107933364e-08 0.00499639060923047
4.335962261683865e-08 0.0005927440025448415
1563.6229686044312 3.1351396986275554e-13
125.29201047695575 1.3926187307663832e-10
1.1916138958863292e-07 0.09615973897449309
1083.5272535780973 4.645986667794192e-13
1.2275412573270697e-07 0.003373781524163227
683.5573752363168 1.0103724488775027e-11
12.005925217080172 7.16566039317572e-11
1.0794309513493847e-06 0.0023908715511752484
1.3988777050767804e-07 0.0005651969516344944
2256.667122109337 1.574419646421115e-12
6.027448468247157e-07 0.006359177884633122
2.959048849837952e-06 0.004593406245203561
2.982667733597454e-07 0.0021606490875453977
2404.7851014336748 4.347432787504572e-13
1.3761018793104788e-07 2.3761690155961e-05
382.2202204211676 2.4349766110757043e-12
6.324527892673755e-08 0.01568914371239645
1093.5719573369915 5.155543371877151e-12
6.306053160970187e-07 0.0008177724718423451
6.054837168081665e-07 0.0006457473204423649
3.879894233865214e-07 0.008315214769151483
1413.3741929761557 2.848255574312587e-12
102.5781759298943 2.571478967813362e-11
4.264372342622874e-07 0.002899035461412352
607.6403880081584 5.881537009665917e-12
2.631227234142147e-07 0.010354732467737817
2.388617946618924e-07 0.006205571413034393
4.313869468691576e-07 0.029169496140966318
6.064154684956348e-07 0.003115632994735752
8.055308241265708e-07 0.0005514055693731601
1.2226391184570483e-08 0.010970130151323795
1222.9591656150196 1.7311095509807412e-12
7.507598472126209e-08 0.022547526166413163
947.7221299587335 6.101782901107106e-12
2339.7789956564193 3.838896618620168e-12
1.0291574186363885e-06 0.007050031763139333
4.0394745793150717e-07 0.0013487123972706504
7.323176094139132e-07 0.0008365457687382049
5.878971089272507e-08 0.006613976075781708
283.93039063369804 2.9435693222896203e-11
9.508924684920904e-07 0.0003273905170921956
4.2924607009781446e-07 0.0018598532268461654
602.5742885933873 6.937343829885402e-13
4.1989343370533113e-08 0.008381868293039893
932.536656688 1.2433742412252822e-12
2589.1959509082185 2.5280212635351388e-11
1.0423727245895124e-07 0.0008259523957366012
1.395283580501133e-07 0.0009283981985412883
2797.655002435618 2.3894247332896502e-14
1.276168889710023e-08 0.004204442724499495
4.084873005090543e-07 0.001302615775902411
1.2704305377590017e-07 0.013373618897539819
1.1589593634966056e-06 4.1498630557032256e-05
3.215324927854557e-07 0.007569836263825366
1353.7535509917911 3.028130732367179e-11
6.628521235888149e-07 0.0012704177102605921
2318.281679619149 6.022022170536577e-14
2.3820975527336407e-06 8.978148673187845e-05
2192.5783813455373 1.6235507441975563e-12
183.06029843120868 3.823157727888738e-10
1.4208918128823351e-06 0.0008554192774740373
7.513318327854772e-07 0.0002662796586045309
4.079954715102812e-08 0.005974501225154456
8.863207310877358e-07 0.005710054327642442
361.70713039779787 7.478133161314767e-12
814.7157305211167 5.314390747498318e-11
837.1506416805069 2.9115976019073433e-13
2.800557479272916e-06 1.6157064559777508e-05
755.7377470771956 9.164293011421795e-13
4.474659391733788e-07 0.0006157883541893618
2611.475490914403 1.2544109653476745e-11
9.410163324095327e-07 0.0013272321729736396
5.379572300437895e-07 0.00765769842785857
697.7285268734687 1.0861480232825582e-12
580.9309996647222 6.86448684799057e-12
1883.838513003374 9.607964767266934e-12
1.8676316997074307e-06 0.00044288288808425085
2951.4019697988583 2.760715489586009e-11
1071.6424519912364 3.166046640528568e-12
1.4040539049973393e-06 0.00020719902882316115
7.670917800948357e-07 1.4192856867960405e-05
2566.606020818472 3.9865157768476606e-14
1.9038530032759295e-07 0.0004550387093285511
2.6949222345647757e-07 0.0006477919177033428
1.6629394538083804e-07 0.005286300037152014
399.1355667329859 4.908126417254138e-10
1.38927932764112e-07 0.02205735996496454
8.512993468451146e-08 0.02141984655061737
1302.0803299433283 5.0581409851587265e-12
4.897900499360494e-07 0.0013531191250896783
1385.0948679805015 2.3847484633263332e-11
1441.3273883414493 7.1706612258573185e-12
3.45990744273049e-07 0.021106583979669323
1248.9643088833452 2.3252672023893308e-11
1.1434361386691782e-06 0.008058549152123699
8.533077441532465e-06 0.0003705690277978176
3.126551782999787e-06 0.0009668319797179925
2.3073948454949965e-07 0.004248651786659515
125.80240787952319 2.217551265945802e-10
1041.8553032587265 6.447222660278178e-12
1.0336558117314206e-06 0.005385085797360519
3.274767803378949e-08 0.0009180431605829245
323.6447626457718 4.2565195396204366e-12
1050.2388178285896 6.234683953990037e-12
7.328698555374109e-07 0.00710757397924862
1.90219455103034e-06 0.00023070901193234447
1.0278415986618138e-06 0.001692355837100556
4.507145804209764e-07 0.0036377080148334608
3158.57343727607 7.080561893124479e-13
1184.808842504488 1.2723465711144879e-12
1.0335620809332467e-06 0.001350046201396261
4.5774457843193493e-07 0.00015580377735269983
4.534891570639514e-06 0.00035199188556989515
528.9094878546135 2.772799959701108e-14
1.1622138742035826e-07 0.021364610978942062
4.0437033821483055e-07 0.002097139298732373
340.2641089012232 2.921488582062853e-12
8.077903900180568e-08 0.0056906403868367825
2.127073209934152e-06 0.0019256231816185071
2.471417869727238e-06 2.688589199313954e-05
9.348863454422231e-07 0.0035088208617057035
627.2905726193616 1.354555623148774e-10
1.4396425526440726e-05 1.0354893496322381e-05
6.420211905004865e-08 0.003299883547116694
5.812524128463829e-08 0.006783424123618842
6.341330785475031e-07 0.004174917289010747
183.55628971624668 3.0912098296793894e-12
4.3441429775197855e-07 0.00886708436604888
254.79111421866065 1.0497268570672663e-10
1.8597744720100503e-07 0.021347699370528214
1130.8078170416707 1.7340440590123501e-12
509.4853185909823 3.5814059382089105e-14
1.29734968925728e-06 0.00026288404244663254
1.136071703369496e-07 0.0009868169243243661
3.5247099179990544e-07 0.00022414326745429281
1.4704572751036732e-08 0.0004504427773932316
5.191224973109549e-07 0.003653596760077511
1.380353346396109e-07 0.057749987927474586
6.891386264424318e-07 0.0008068596160538763
5.148093972671227e-07 0.000535351641285407
1.6789762229044748e-07 0.000508606568255181
5.994869059292931e-08 0.014310903349580626
1.9377059479185926e-07 0.0049380903181823225
1.2938756840690374e-07 0.02916870994351045
3.057290053918016e-07 0.02326533506327261
695.647378004762 3.827419544791493e-11
1.3736588607657999e-06 0.0032354519647837866
1474.6175241326475 5.07811620989456e-11
1.8472574787555663e-06 0.0018078549239040314
905.8687359114683 4.489147294847653e-13
1.9797459910556458e-07 0.0006577069464841567
432.18890919508897 4.542105635083578e-11
5.268588034201167e-07 0.0030638592093885295
250.08341762408995 1.739044354369735e-11
6.766009565389465e-06 0.00041633111617654737
2.98557600092438e-07 0.0026584960592851096
739.147771511985 1.0238844507008105e-11
742.6003234862403 2.0344515598822284e-12
9.09550537833957e-08 0.010513224930236166
1.9116859845668155e-07 0.01225411394038651
87.75350306337468 3.250107304796199e-10
7.40522400641621e-08 0.00015445565124920545
179.5558574793123 1.8747269218213635e-11
3.054878732905392e-07 0.0017567781091313238
140.49282863754672 4.044180750971503e-12
3200.624155093068 1.4208083450311928e-16
612.2960376670517 1.1096746407825721e-11
264.7609684015112 7.973851241133483e-13
1.4852434063490165e-07 0.035832240257386926
6.42941694460465e-07 0.00437460392021909
5.929041509217237e-07 0.09641173359253578
60.97776950591473 6.14967056680416e-09
7.207726062248002e-08 0.0001124517995408363
1898.5176432757644 8.096032456908979e-13
9.901498596937145e-08 0.011607814663814607
9.131649206395253e-07 0.0002613721498913629
1.996808104215763e-06 0.00039196192690542624
1306.6279076668432 2.598053320650408e-13
1.4432986033682577e-07 0.0004992680380777945
1425.8227107408106 9.3257124044094e-12
619.7430240030127 1.4693696175365927e-13
1.115407234388184e-07 0.0004351395921427785
1.548486289048072e-07 0.009174074448594664
6.401620913469973e-07 0.0006219594665855105
275.57825380917086 9.525118037786338e-12
5.069172125265172e-07 0.0037354361437074855
3.153265096098158e-06 0.0006584522972219219
2.5673555279061925e-07 0.004026689636557085
3.4471703972936073e-07 0.00021215715180310997
2836.505891313531 1.2025569520054385e-12
8.399159875741555e-07 0.0027363006002196545
1331.1874384345151 1.830689640718077e-12
6.223306255744695e-07 0.0028828476499212475
7.001307717652834e-07 0.004696539184015676
131.04361308839893 1.8731762851983013e-10
7.005072631661184e-06 8.929037289027407e-05
8.119308322356396e-08 0.0002649811062101962
2.754099198168718e-07 0.003462412748951786
2.4403452485498783e-08 0.09222787794139375
327.84565078024207 3.981259415299524e-11
1.4512716164508375e-06 0.00046938793495983496
4.636056145831692e-08 0.0011963067037532803
2.0701935481241955e-07 0.012908883887307928
167.74951008852034 4.471921249170103e-12
1.1201611665644482e-07 0.007007704286270748
1.6755058389012851e-07 0.00902412155354484
5.188678592751155e-07 0.0023364819831528634
1.3940092006823234e-07 0.016502164325285056
143.69514946806666 1.771204990043128e-11
1.656227533337764e-07 0.012715361935697353
4.6324580213010367e-07 0.005127697833783914
1.428200011330481e-06 0.007858454895936378
1020.3653374049496 3.0066644239712774e-11
2038.2239376729594 8.216011443534901e-13
1.6492740901970146e-06 0.0008501445253045809
2.4390967438497076e-07 0.0021715841818842614
2790.047986459078 6.338645271270208e-13
4.342105685163524e-07 0.00047176440992919796
3.95112789660775e-08 0.049325417287271925
1.0683700827408597e-07 0.0008137070874614252
6.920996695481897e-07 0.0006851037691298768
3537.3337987189348 4.399975720981801e-12
3.4587876277122843e-06 0.00010995273024794539
2566.101941551669 6.310565025832644e-13
1512.6914265334174 7.444587309571681e-12
3.2840912258314074e-08 0.003508853092727741
2.1975629448546177e-08 0.004372184755312978
6.775259908140753e-08 0.03015087965661523
1083.2672521438376 5.5381111306836714e-12
1.1834658501903374e-06 0.00012031318811505917
6.909457436762912e-08 0.11769429460605654
1.6262244018975622e-06 7.773018996611524e-05
1206.134228792882 1.3516482776231105e-12
3.5748045917826536e-07 0.0028751099896713755
3.0538691694237026e-07 0.0031380701686882346
266.55100879713 2.684031371753537e-12
1.2731664079153796e-07 0.004494326224981587
940.1728998470259 3.4232913384512306e-11
1.6986844335497605e-06 0.0002868679114933283
9.835352831858303e-07 0.018148549143668462
687.524645212333 7.786053857689219e-11
2252.023574091518 2.285848845400672e-11
1015.2246533460296 1.27177902127438e-12
2.0732645588509672e-07 0.004855756635094259
2489.079922921643 2.506236984208132e-12
30.706729512626765 6.70974421618619e-11
1411.2897066689725 2.889227900769202e-11
1.0222571684658924e-07 0.020530040413893044
1.6442525616253753e-06 0.0002776477245660996
3.6468420589165116e-07 0.014615522531896191
382.14161652021136 1.3614903637601809e-11
7.845859495412507e-07 0.010634508430426211
12.02102705278601 1.881479205184595e-09
5.496941750454384e-07 0.0010252782774989476
9.415531022500004e-07 0.0021391674289854743
1009.4388393568133 1.1405412202503517e-12
1.4979335771189635e-07 0.005354886525343673
1.4558802824708257e-08 0.08776448863221821
7.424127726263026e-07 0.00016095814871602628
2603.5365899183917 2.39850311554626e-12
7.788211075470467e-07 0.001727439864220486
2139.38780133377 3.635406323898208e-12
1.2760717849430336e-06 0.0047585394603409025
1.0481036983266508e-07 0.030277233632568228
2.0142813135502994e-07 0.002103910178011082
928.001204810377 3.4596035873825685e-13
6.325293075425015e-08 0.004023560696752706
9.38323383340344e-07 0.00014206516823967848
3.5700660529263745e-07 0.012961153458986437
3.521970417913695e-07 1.6271944871705475e-05
926.2363571891398 1.0606509147182845e-11
736.5665751392039 6.983584150035616e-12
2.3604322497547746e-07 0.017158618259874126
2.914578194075565e-06 7.664746637588199e-05
162.89045103389864 2.625323601937174e-10
814.1185120039249 1.5728113712938173e-12
429.8456489010921 1.948154832084913e-11
1.336522699336063e-06 0.004280458631797802
1.2430885776802843e-06 0.00031235413407645625
2.855083405552305e-07 0.025003526268686155
578.1255313221573 1.1065580804677946e-10
5.482359132809533e-08 0.0029150874267835506
2.7518359643052754e-06 0.0017127887810979598
3.465727768857888e-08 0.009155711887217812
1220.570710581273 8.541154501486065e-13
3.558375231081327e-08 0.024926772468668694
1470.4411331761787 3.6096726076351e-12
6.14070056161329e-08 0.0012029752583168625
1.1097184958607147e-06 0.0025129848139789773
3436.9971919581344 1.2569401696136405e-14
1.2152936302029286e-06 0.0020009429282621875
6.247423808275686e-07 0.0012824692892594695
1.4763574362812517e-06 0.0031035214019993597
138.70839152307653 1.0314571259811396e-10
1242.8963032451911 4.092335866143274e-13
3.895838252354721e-08 0.010730855273609003
1.543636097449127e-06 0.0020663515070805496
1622.2722840193383 1.0424917041391289e-12
1.504965298928559e-07 0.01957991091828051
6.946036391164243e-07 0.004487068672940696
644.2102533231536 3.167721604207367e-13
2.1224170588464186e-08 0.00780902941312802
1.9496221490110277e-07 0.00031423243960347673
1179.0092189311426 4.213419183955329e-12
1.5156442338668594e-07 0.018057636234623697
368.0087084094519 6.178594400098199e-11
1789.838754792919 4.5859939402478334e-14
7.049588523833819e-08 0.0004895213403962952
7.999288873664744e-08 0.0005020685445444194
1877.5136349284921 5.166279921491926e-12
490.16441679834196 1.8401603786856865e-10
3.1540316549838225e-07 0.0237131867794011
57.65980503136594 5.848343489411061e-11
5.318462092975493e-07 0.004096613954314872
970.9125020779327 1.1569936952466159e-11
585.5690120065232 1.0241268234458475e-10
226.9564655275442 7.267560309542596e-11
3408.8342841418503 9.004675389364351e-14
6.286694325298797e-07 0.0004236701206741542
1533.3602974662188 2.5207190965352183e-11
1443.6985072284176 3.941126783622586e-12
3100.194773416925 2.9908761101349053e-13
2.8588654646396854e-07 0.002212973335198608
5.400517095097675e-07 0.0004842946557615718
330.7844711336571 8.548926362522585e-11
4.2905429660801154e-07 0.0008496502642296706
1468.0994321351602 3.4709307345276974e-12
223.83190110937446 1.9842331784481166e-11
1.9529304048873197e-06 7.260096794090872e-05
2492.604497196329 2.1938245319594387e-12
4.8488826219045e-07 0.0064697625790078135
2.943490614701421e-07 6.865451617606882e-05
5.0537420692037425e-08 0.011028753115744788
5.0749029049570445e-08 0.0021203433596123982
2756.9554281476826 1.186782766317804e-12
2.0931982342679897e-06 0.0003104130036381041
4.4508746190211007e-07 8.238620597763085e-05
2.6576174530767296e-06 0.00014391176361610463
1.1265004508987865e-07 0.003438224041230903
1840.2381515451555 7.911332794843661e-13
2.019119092605379e-07 0.004499132178121777
8.148626884055881e-08 0.03635444896127258
664.7232958652652 2.6509466354594116e-13
1436.2750820680735 6.253161592886671e-14
2.5037554636062283e-07 0.00025665413249019935
1.1939168332679076e-08 0.0021459693178081133
1345.876898405933 2.709812285529273e-13
1.1627561300773984e-07 0.0036370567026445936
9.76944099152547e-07 0.0007413616865636049
8.487652106267387e-07 0.0053269480343571774
2334.5368090847774 2.748115001381796e-12
61.872602956057115 3.929399007519391e-11
3.053712938112514e-07 0.004136794143486148
759.4201015672378 8.036611335018658e-12
1.7831672402614169e-07 0.022326143460638152
821.579516757123 1.280254194692493e-12
6.081191746011527e-07 0.0016644329768023905
600.8193972360674 1.5920941583970843e-12
6.639610390055035e-08 0.010343027782691935
2.2297638486396113e-07 0.0003542488465436723
2.753692977875355e-06 0.0001715671964731058
1.1027137191067435e-06 0.0031070083770134787
1513.6475675077224 1.3429887191686722e-11
3.7323819935050954e-07 0.005070638900606633
331.0886841595272 2.2817120391102556e-13
4.9859775605487085e-08 0.002337073043103591
6.01724324032702e-07 0.0009490855898666701
2.4365873218440325e-06 5.8926522905334155e-06
546.8517618948612 4.2281346915300675e-12
1.3551036306439934e-06 4.1941635241796276e-05
3.1671197001058175e-07 0.011634810170866119
1250.3655636058454 1.3092894676898763e-14
6.427856679571599e-08 0.00022255538177777683
1703.4167847600484 9.784152979529473e-14
2.8653545939331913e-07 0.0003741587240803834
3207.806010115838 8.241093029296385e-12
5.957342876598079e-07 0.03176551734895298
1.1217502805367835e-06 0.004023591648074415
1916.1263510635536 5.467644050469526e-12
1.1476539408978772e-07 0.015016636020414552
2007.7330432211004 1.8244407162383967e-13
3.0239660662689144e-07 0.0020660979831326654
6.713559668279338e-07 0.0034310863269261917
2.4536014310177107e-07 0.060829282499288956
8.815872013373413e-08 0.002626752089838006
1001.134163079164 1.770029237753192e-12
2.7803774767249794e-06 0.0024520886837226387
9.343845273968778e-07 0.00023793789296550075
2856.5813291735944 1.887549737997661e-12
1.7867749627527889e-06 4.990283801376622e-05
3.440565637153579e-07 0.015811068641959865
1774.8540610073494 1.880797534109867e-11
5.261664825471275e-08 0.005752031132410408
2.5087397583413067e-06 2.4008303681620762e-05
635.581639171553 1.7252064601053251e-12
4.79593773315079e-07 0.0045579477997956626
340.32102249689103 2.451816050961017e-11
3.037332740208727e-07 0.005351651151355039
1.0590844500270805e-07 0.003968253847402057
283.88330529132304 2.6759666979705407e-10
5.140432666650782e-07 0.0003572626685514275
3.972972312649252e-07 0.00047177221267518223
2.199654086755027e-06 0.0028524734367562582
1743.5089426707482 3.649436362442684e-12
7.011778103028089e-07 0.007471009452922646
567.6295908359515 7.458757598108943e-12
1.643728498358707e-08 0.0005913673045325061
2.8922919366339635e-07 0.005848083217201911
1.8064127317386436e-07 0.03247697583436158
309.04354517909917 2.1180956877088958e-10
1.5681927949672222e-07 7.67876797268595e-05
1886.1458631161656 4.176914752207709e-12
911.1111501942996 6.049747760141794e-12
4.5094294279068357e-07 0.01001949037838424
743.5600616685188 5.699218126877048e-11
2.9660241809027844e-07 0.0009896496608735028
3.1302375256425666e-06 0.00012882027578602556
2561.525568725882 3.2534127529570046e-12
6.031382682128169e-07 0.01116089179982608
284.6219673033037 4.0374485728323356e-12
3.971119693017347e-08 0.02208090212454907
7.127779918918441e-07 3.6348977988769156e-07
13.861392337741595 3.848284032364112e-11
5.4313766417109085e-06 4.0666479308903473e-05
3.946644408355056e-06 0.0008808527215551363
4.1685525800455856e-07 0.004325678783198938
8.057687890149614e-07 0.0021769796996219722
7.862199949913264e-07 0.0002295229274421028
3.2368232029934743e-08 0.0064735390974535595
6.520583236411263e-07 0.0006005663332209551
6.243828566957882e-07 0.0254702457386082
1322.4408221391404 4.045025445356944e-11
1.0808490260136155e-06 0.00014403813306259654
7.698387848748951e-07 0.005656990263244412
2763.1028401609447 3.1434495581153504e-14
6.806635469480541e-08 0.0010860609845297238
16.043438137689666 8.821862639970883e-11
4.347028845283005e-08 0.031230747292389276
1437.4804899205383 9.89670205962889e-12
8.339022064119272e-09 0.0024190540814936125
1347.162647576522 1.6854338465103334e-12
2.4846442654245133e-06 0.0006415482256646324
9.653176966325196e-08 0.0012191706243786238
1261.9364360302536 8.253071158127338e-12
1.2574432913661081e-05 2.7446063917822764e-05
1.8275545394304793e-06 0.00020993097999433708
1.7808497655936276e-07 0.008665560039057758
1.5558775926089991e-07 0.0026405714327079424
5.1317035484144686e-06 0.0005554477108439039
4.18399245361608e-07 0.0006142373738879161
5.167337776811108e-07 0.000564938333870342
1.1402780918926566e-06 0.0008086799431032234
7.310839675257479e-07 0.005165449558556172
1436.2882699833042 1.4434380730167869e-11
1630.3600574327234 1.7311448599374308e-12
946.8468978182622 1.0206310269986116e-10
34.02895133618598 7.618179961160039e-10
766.8391596964087 1.277058438852358e-12
3.0970731606559893e-07 0.0012585811369574438
1.0899963603883742e-06 0.0004462745450922881
1.0598603270163223e-08 0.010686578254889249
8.946775177742558e-07 0.006018797078016585
442.9786612031094 5.961416713264778e-11
1.7477382845768948e-06 0.0007639887675618735
1272.4429464219688 2.795615443758881e-12
1.6380688936870246e-06 0.0017930739673211152
1722.9943806793465 5.931265551998788e-12
3.419978533403871e-06 0.00011268262674430906
375.5200956637166 1.2252393580577303e-11
1817.0002460504961 4.5427176930323416e-12
5.981917179540549e-07 0.002388911627177982
3.8121801844823324e-07 0.004042842439242806
8.143075305825304e-07 0.00011809926218109039
2016.416444529504 1.0280332057650807e-11
740.9350193417748 8.50194350883333e-13
6.644136274903296e-08 0.007105873432221095
222.56260106489077 3.258629157086239e-10
2.8885292492410923e-06 4.01195039623043e-05
290.0323315768995 1.963231215057224e-12
1.9119712644337558e-07 0.002373809764543275
1975.8224451868568 2.640694634844171e-12
1.8375210733005955e-07 0.0010215052526985078
1.6816002838472264e-09 0.00503863147539772
1.2005323746857103e-06 0.002351179993500249
102.04251449329402 6.161480629202014e-10
6.849166250463211e-07 0.0010825364425867967
7.830232792687963e-06 0.00030466806924872277
3009.113279467413 4.653088678757182e-13
489.2641777093142 1.6107395452027776e-12
1.4162059024546712e-07 0.004630406083751349
2193.8938137581486 1.7181327409071029e-12
6.889737714924463e-07 0.0009843366462008165
2.6638556057639727e-07 0.00010360300321386096
3153.7685888006713 9.979509678245702e-13
2.7574087064192335e-06 7.047376076886742e-05
1.1173858357510489e-07 0.00022007839790483125
176.8897557339898 7.463195468428022e-11
2769.0462779235213 6.543227119641246e-12
1.3484246934400255e-06 0.005348944832016436
1.931591754929394e-06 0.00023584957215704364
299.8088202808686 1.9501762395854736e-11
2.4367216288671937e-07 0.016012205266193638
140.67187485427135 4.691428856389005e-13
1.1276157317943958e-08 0.010529932344608037
632.3162123516465 4.056158942171368e-12
279.70591568649365 5.962640816100677e-13
3.757848586169149e-08 0.0024258261197656933
3.1779743430475946e-08 0.020378260504454924
157.89638597160857 4.1126380859439786e-11
1.868025118406461e-07 0.011806656564026454
2.0238753708544663e-07 0.00042631119758288486
3046.457983112365 2.507750160101586e-14
1.441274535360832e-06 1.0020718498723602e-05
4.046798245462599e-07 0.0003287254605517015
3502.85111231474 4.551561459759278e-13
2864.0173780533596 1.5501646116857869e-12
2.291960150490956e-08 0.006575651730853768
1.2132187409333273e-07 0.005660179293321131
530.1134673838766 1.1115335039867967e-12
4.0017985922389653e-07 0.0001990445318798898
1731.7929698916482 3.6046712094616086e-12
3.9263342285172383e-07 0.006698375426724097
4.0897568386643715e-08 8.087917588065903e-05
2487.2887154381574 6.80122148586008e-14
2.4632094401519996e-06 0.00017838802469860652
2.7794188935933357e-08 0.012800604229826998
2552.7231568173447 2.3158467245938586e-12
2.5938450626672873e-06 0.0016943437533127007
2.1462159078777203e-07 0.0011333445357429284
1736.0679016352713 2.9450025895793482e-12
888.6887451840223 4.258417218341914e-11
4.308856737157624e-07 0.0024727631646212023
3.209213859017555e-07 0.015646198854664232
8.341420628054377e-07 0.005738328092859192
1.0878425907699291e-06 0.01685270533275986
554.3548750868085 1.4804691333915189e-12
8.384911143400601e-08 0.00811910233588784
561.7547924654788 1.060056209530336e-12
3.0694596586613196e-07 0.02344673220051796
4.705155507498499e-08 0.0041907240607225865
1.1802459679509517e-06 0.00017890065910622187
4.8749744699996505e-08 0.029424900903499595
1.4794531946733582e-06 0.00257428597656376
2.2712602728932005e-06 0.0004069763263581846
1.367996246543724e-07 0.009143853704411021
223.347404382002 5.229604409282823e-12
1010.8984439409953 7.294794816497754e-12
2379.559460885275 7.319347898311898e-13
2.3813909922325153e-06 0.0005818466827514114
2.0061058988929304e-06 0.000624307401030129
1.6935326486799436e-07 0.0023187636415532837
3430.7871654437604 8.076209555804951e-13
8.849728196935782e-07 0.014455571081801523
1.4883471404969451e-07 0.01612003365217121
1.2809492932816478e-05 6.507533163413619e-05
2.666645460806746e-06 8.59650158099701e-05
2956.743003373428 1.602596976074671e-13
6.441128162657898e-07 0.000543508984033933
2.2442632002961746e-07 0.0008231519747724194
1.5901485194791826e-06 0.001426118029132381
949.6252862254931 5.279545117689097e-13
2.8984707453068953e-07 0.00021059693831365254
1.7083211638110869e-07 0.0013503049565295954
1.2177425902949893e-07 0.004836643222264278
2.3530718539698966e-06 0.0010053032493653638
8.002604936099733e-08 0.005814983548921711
4.2571427102677145e-06 0.0004274639828696525
1.6213643432681308e-07 0.0048224297931283395
288.8604575675813 3.182801358023705e-11
865.8121128924265 3.0082340191590885e-13
8.512669299303288e-08 0.00015423372087476002
3384.7527883025723 7.093770691255762e-14
6.133171155448655e-07 0.0033609706330422796
2979.790383425817 2.7425636005333837e-12
1559.823546248002 4.9274242394002754e-12
5.731207510900123e-07 0.010498898745599184
1.0647805681216117e-06 0.003731522017821352
6.650980051312684e-07 0.015164442768771077
2.804992803383367e-07 0.0022839261339230184
622.9070327678697 4.031648565777838e-13
8.225631505931044e-09 0.0006974695738436357
1.3295210232360902e-06 0.0029476327652327226
1.3334942132826937e-07 0.044591883134595715
1.9807044855909342e-07 0.0037720377544272275
5.483063307140571e-06 8.231655197248609e-05
7.082072968720186e-07 0.00033509066898973895
121.61518238163418 3.3402323493428615e-11
1.0634007065652331e-07 0.04258330014553203
2.6826520135824313e-06 0.0002805964166604415
1805.5203737850052 1.3089926684701564e-11
1.0052003272254337e-06 0.0061556904841563115
1.2799166466499528e-06 0.0008991290115859889
168.18357064310004 4.994107809879195e-11
831.8575500207875 9.291937179035882e-13
5.269157389145513e-08 0.00881828251804474
2125.8354305609996 1.1401651065646908e-13
1.1705886501151674e-06 0.00015287312819375917
877.6805902036922 1.1170752771171906e-11
1.7575895188474938e-07 0.03297807367607443
3081.850486253811 7.588835461170542e-13
3.0455295674102687e-07 3.927201577291695e-06
1.1564367565137686e-07 0.004795706661386757
533.1849557535387 1.8696170195776658e-11
3.781541916293779e-07 0.0009658680816578977
1501.9679999621637 3.7081621696975865e-11
1.1510840983218319e-06 9.780389533469385e-05
8.606941243532909e-07 0.0038449386170434424
7.66499709965286e-07 0.00016475401544879185
2.4641478776485508e-08 0.012910615565786474
556.5516733600452 2.1184846806679663e-12
7.279883954363858 2.0712577668407594e-09
1059.1574294722486 7.513593748266952e-15
2.232183980039381e-08 0.0001359341610290521
4.772265523955116e-07 0.007997338878871661
2193.431137189742 6.074545562457744e-14
2080.1048580865877 3.3011244465457803e-12
1000.973949592347 5.356254545017914e-13
4.4977721995329664e-07 0.0205728983690141
1.1169938389513785e-07 0.018594309143578288
2.3870532372356413e-06 4.943722229654895e-05
1.4314401595960683e-07 0.0006716627415303569
458.17675770297734 5.298777588595456e-11
7.654616351478742e-08 0.014747485310613357
1.5094025121302888e-06 0.0006386496384729961
2094.466493041795 1.5982090241124786e-12
1.1501719995813851e-07 0.0003405826693631193
7.283159015715631e-07 0.00022411911508858713
3.798952307505856e-06 0.0004929419111002042
5.877336641005455e-07 0.00016318025573038939
5.772093519246134e-07 0.0014990326667269447
1873.351812178315 4.966568873314662e-13
8.715107500181336e-09 0.008882701926912248
2.1883774873703503e-07 0.0011253275031426117
142.23543786522566 5.7875921775043925e-11
1.3367326954336174e-07 0.018096124303525665
415.7533230600987 1.2121736549423418e-10
2.097434190951223e-07 0.0041750047138948004
595.6806880276418 1.8614747699285602e-11
3233.729422586154 2.151582139175617e-14
1.5298517022749767e-07 0.0003332482113074465
1.8843189693123694e-07 0.001288862644724872
137.28520748496558 2.146269022819109e-10
2.2730133955177377e-07 0.010908837550092995
288.72746834807856 6.231706139299182e-11
5.426269364597702e-07 0.0007612115686468359
3.35195495077816e-08 0.0013818293130253767
693.847630349112 1.5328154487639077e-12
2.50920806768494e-06 0.0003276923712622977
1237.7181956807447 3.661402685272127e-12
5.040565756681023e-07 0.006675000354951798
2.1904729280610513e-07 0.001261241557641481
6.443644748560119e-07 0.01581906002309188
3.263602881645388e-07 0.0010851289112140169
298.2372948641925 3.7858662637448155e-11
1.3301362316775164e-05 2.659665841458414e-05
3.210618798122063e-07 0.004702394493852462
711.2752497193758 3.1012828201032607e-12
769.3411575869982 5.317889113725549e-11
7.258751762922566e-07 0.007948059196253363
821.4179722508129 4.395393509138116e-11
6.582989190530946e-07 0.0018385844539138088
688.2126166673256 1.3008083060615406e-10
661.8224952714838 5.8686387235980185e-12
3.3851016125016036e-07 0.008792584652401009
6.4957111595025775e-06 0.0004028065287232519
2.904032838734629e-06 0.0007335420012863813
4.494214476720606e-06 7.533113648176048e-05
275.6291831117621 3.259076336252956e-12
7.521255727918694e-08 0.0004795344972649789
488.9747740338194 1.1289057633850546e-12
3.872883388494257e-07 0.015648477588434163
5.453203916969692e-07 2.5428830335019625e-05
1788.1208576525248 2.2888420211993872e-15
162.69161567505842 9.580548822720124e-11
35.98231115721053 2.8131038664307477e-09
6.282010918638935e-07 0.0001057077694528431
4.697821940951358e-06 3.729074609422415e-05
6.363095228055596e-07 0.009431844228274333
9.681415885157825e-07 0.0026834769281463226
40.07646624209802 5.001298522975631e-10
1451.2496833065563 9.643309407419324e-13
1.9800509888021868e-07 0.00022565145068779698
6.750375804986409e-08 0.020052013719630626
4.248213493004563e-07 0.008997234480146603
436.6349802726136 5.132421923183591e-12
2417.3216626866424 1.0986227319984637e-12
178.94427013342553 3.452534266462932e-11
1.1607259810008746e-07 0.03325558385381851
839.4078806239411 6.428785398209596e-12
5.664178067143989e-08 0.008027141608336483
1064.702122391754 1.0157370684039176e-11
2.538000812465479e-07 0.08990426840703657
2236.1444985804783 1.9299076435592259e-13
6.24580563620445e-07 0.0029376801386110864
1.8194205483494146e-07 0.026944508207035298
9.294171983453631e-07 0.0007738181868367368
3536.681962062704 6.3531487558981e-13
1.224067666244537e-07 0.013727627855710032
1570.1731659373008 1.436205994322021e-12
6.156020957158538e-07 0.003184466656476344
1613.3379183314337 9.498649231227172e-12
4.807810350296028e-08 0.005854332804216915
311.5812649323652 4.354000664387249e-12
3.282449429913024e-07 9.920464939223197e-05
6.677573227637426e-07 0.0338176817957623
1.5808363346328529e-06 0.0034873781179864992
1.4258977131743277e-06 0.0017375618418810424
1.580342810181536e-07 0.0003916411806312878
1.069610501633565e-06 0.0009386157260134687
1464.3365225874936 1.083037513409765e-12
1612.6340039299262 7.628546018482988e-12
1275.0806851322018 7.150315853967018e-12
681.174104091566 1.0578902328368026e-10
6.270035868573434e-07 3.7886433675310164e-05
980.2026406137453 5.052219251373696e-13
7.190773736902071e-08 0.1372370618309709
31.920973207764685 2.1726253085405417e-09
2.0163046599766289e-07 0.0379284386563123
2.9493929197665842e-06 0.00045243745733314914
1338.3473892959867 9.31004723731102e-13
3.0208400744992505e-07 0.0034012909886775786
3.5091076073699405e-06 0.0006376988122116621
178.0717190578902 2.5358872601993058e-11
181.3684761711803 1.2403202183888695e-11
443.82553830460137 8.339159255128503e-12
2.8893771321564374e-07 0.011089812985292682
3.9543997951777724e-07 0.0012620264212061785
13.98567596313939 1.3885739624033226e-10
5.679511247775422e-07 0.0039766850584094056
1.3240311943276574e-06 1.9467694378627367e-05
3133.9533716681685 2.807751167965466e-13
2.0453636389500992e-07 0.0013874124872359154
5.241513824551788e-06 0.00014166981248391432
2407.463745971156 1.7676385435542067e-12
3.0967569543436676e-07 0.011267435175074376
42.13373436143793 6.650114154439237e-10
2.3855238385891577e-06 0.0006036964399201888
2261.9682231436673 2.78461275127555e-12
8.817518496374473e-08 0.006904339247580213
9.182549531077639e-08 0.009998228305662974
4.156420627894546e-07 0.00013065031068242846
769.6539963941876 2.1442557143248917e-11
1.4169043442168043e-07 0.02262651395832659
1211.7549195955646 8.612675330683727e-13
2.7585457235358854e-07 0.0035663608421705453
374.88039694621466 8.788082114680239e-11
2.543731164943286e-07 0.0018412845151132436
1.8951437040372214e-06 0.0004429090385040928
6.147310156638483e-08 0.0059947310234963
1269.218123180936 1.5782646371564563e-13
5.544304241000681e-07 0.0011016972136948706
4.3095309171744614e-07 0.002398563766796686
2.3015402519545534e-07 0.021991966473669668
2.346904660293996e-07 0.002772693968692215
2.3328070060395954e-07 0.007711221010237086
1596.1484879887532 1.329072080604584e-13
1041.9307651835927 1.7660819862964575e-12
3395.0099591088597 2.441832073103618e-13
1452.8999222305465 8.544705997458172e-13
2.1885394015930865e-06 0.00019860318609270794
6.176605319368593e-08 0.004259251139712208
47.90185672320138 4.5855998003774775e-10
5.330448373579044e-06 0.0002507265371706894
1945.1427306403434 7.226328636183482e-13
1754.7542241253468 4.0254016797206135e-12
7.25785475613765e-07 0.005654519707659055
259.4483326936182 5.516771960165857e-13
2.393122416134754e-08 0.0010350399643331714
804.5552497903744 8.356715818587393e-13
2.3481119333060425e-07 0.006953253458612108
1677.9021655417937 2.6843312019999216e-12
2.883711663162378e-07 0.01086170686974811
3.614238210929655e-07 0.002650029374541803
1122.8739430181017 5.365446687682663e-12
1.846466433524765e-07 0.0026647812446876124
1.0270785356146274e-07 0.00646812315660863
1144.55867462494 4.066095074169986e-12
2555.036863750032 1.7695201098850852e-11
432.40197108238533 5.081619417407951e-10
4.866018538287852e-06 0.00023409548413480863
1.4110746235973704e-07 0.005052072034472511
1832.4543450605324 4.67340544391627e-12
2.149584837421915e-07 0.0009072881269342405
3.469469058121417e-07 0.0033521360161530836
3.631401649485326e-08 0.006123594277972129
3515.3964909747388 1.1538801897085755e-13
1.7185849391593483e-06 0.0006822624944297966
1137.963173648443 3.4588691327898503e-12
1.9163647277677973e-06 0.0015400361085381668
6.641073188665295e-07 0.007543074512694467
6.156385711377679e-08 0.009486477522330507
109.7788284651651 3.830162656957208e-12
1.2942751034178087e-07 0.0024841067588643544
3506.4529192010077 3.3329998112296226e-14
1415.2637342027865 6.036087941546306e-12
8.356013232913036e-07 0.0029236335160974765
708.3920996899191 7.39823260940036e-12
1.0618731644615269e-06 0.003391936816509557
734.84287180235 6.187479893516498e-11
1028.336832333209 2.4419186327221367e-12
1.2767292482635653e-06 0.0007026001059299116
1.7132214555071073e-08 0.006582075702195219
974.7355681115758 6.984015014458429e-12
7.399913243350728e-07 0.0005106796395652349
4.028718688858425e-06 0.0003263093082936141
1796.8571227624216 1.836216893689574e-12
4.372266660215062e-06 1.739668197764477e-05
2.535752627199441e-06 0.00018612701928568428
717.1040695801296 1.4020927163334594e-12
6.306159264488774e-08 0.004230715401326728
1.7381053465239617e-06 0.00034681491517833847
1.393122348397416e-07 0.003434434747629346
418.8777690193173 2.657492838911939e-12
8.149372717463891e-07 0.0002538059783046238
4.119047813226617e-07 0.007564771012969637
263.48501136221813 1.3794708562484972e-10
309.4231798939567 3.023902127065601e-11
2.7289854977998573e-07 0.006750752252025832
1019.7091354364501 2.1844133136368356e-12
1.4197793913554173e-07 0.013760473784517285
1.2816200380054695e-06 0.00017994179143804968
2808.7731264744625 1.7240995699997975e-12
2.814868282318672e-06 0.0008352165050513269
1417.139720526032 4.07258784734137e-12
6.557095636207605e-07 0.01009757131239226
1082.231005887118 5.746703949022369e-11
7.265423720111984e-07 0.0008296574137221821
2463.842860373468 1.2555629474550159e-11
1718.776209218275 2.956507220219782e-12
2.6063884183150505e-07 0.011516925101611997
5.933936083718056e-07 0.0010210299928761742
1.738724878987478e-07 0.001517967583877881
1507.9053525243332 7.626845069988782e-13
2.894055830505814e-07 0.00019540164095330293
1.079905964927413e-06 0.006129576694020039
2.1179792301837917e-07 0.01023991259622016
2.3974523660665055e-07 0.002605508032416729
1.1900295910753895e-07 0.06985241669769363
283.63772529480883 1.0799294075737315e-10
9.242646288156897e-08 0.0015470461697449592
63.98628420068419 7.188902465419094e-11
1.198905787185245e-07 0.03913898014905274
7.763850809708217e-08 6.285403735419125e-05
1.0916579292237484e-06 0.002367532237097634
1844.777204278434 2.7530081221536764e-11
3.324269757180265e-08 0.0004055763093674782
1312.182003121234 7.040328560588783e-13
1.6275639775711064e-06 0.00012844137449427394
1633.720989118101 4.0124250754495746e-13
3.401562194105503e-07 0.003281258228722757
2.8428944464940535e-06 0.0011458320628888123
1139.0384890936384 1.93630388517809e-14
8.500528150913911e-07 0.002971352990317441
3.08467989432591e-06 0.0002420916143912263
1.789537316252974e-06 0.00046336247482187695
825.1548927199118 1.315626463583832e-11
490.2688745259847 5.437511529415636e-12
280.49629489190494 8.184344520543732e-12
183.42073627470086 1.3468569769528218e-12
2.2253319477164901e-07 0.0006741236401411189
5.915680477796706e-07 0.00020976024645095768
2463.999059269869 1.7086252361424242e-12
1.7745293369818078e-06 0.0020377594857782003
3286.237775744379 6.34759781736134e-12
5.662261176201886e-07 0.002121590509725877
1.1953144313946248e-06 0.0031629033811747535
532.1340896268039 3.1153026326565994e-11
1562.0012116431305 1.588659511368115e-11
6.351794223752712e-07 0.005282075663964745
952.1134955724636 1.9456997818562022e-11
9.201007626737585e-07 0.003565640128843612
4.5170739820981546e-07 0.0006336406880971781
581.5116077613545 2.2767021024221585e-11
2817.0167850226267 1.2381581110202644e-11
490.8924682864662 3.6510501025546797e-13
2.8792703886843796e-07 0.0031420505028715564
1007.5293421018356 2.9635574679149906e-12
610.5716553376952 2.67237916384585e-11
627.5795456224522 2.0029534679923303e-11
408.0895789414149 1.3922048405488987e-11
5.864687362107244e-07 0.00011211288506256946
1259.45771461527 2.2929495911605723e-12
8.014992764640446e-07 0.0020840756662206276
1111.3681697982029 2.8638569403071673e-11
664.1886656093806 1.8059775586834293e-11
1.180659802422693e-08 0.00022351383572317895
266.3561322970416 2.6008439891517504e-12
1.1271595066858311e-07 0.010015177842020934
1.8181396454162016e-06 0.0006911936350207977
5.560866732611427e-07 0.00010085294976722109
4.300266795023054e-07 0.00017802058315565645
1474.0254917316372 2.3920099108764666e-12
2.7110172186765225e-07 0.008823123173800724
1204.3750669779158 1.6386950850777785e-13
510.64275768265213 1.5356901815408763e-11
1.287088442617691e-07 0.0005042027852823006
1.1871564338305292e-07 0.000293645642876398
7.08882327581789 1.65266196822412e-11
2.753538206706447e-07 0.00020167141596908839
4.796616793518123e-07 0.00015765155390547249
2.035458241475507e-07 0.06540728416721128
1.1206378730897941e-06 0.0002818725943869118
1.035219317376698e-06 0.00039162964630649183
3.4780695777438226e-07 0.0010401612564913244
1982.8444355885053 3.4369029047598954e-12
2.939697966126612e-07 0.0003317568532938601
65.94574065911453 3.617073903217243e-10
780.5292023944567 1.653167625480401e-13
6.225070029103311e-08 0.0012709894915154426
174.4270683068602 4.274489680540468e-12
3.633708203148207e-08 0.0011825294561023639
1.2759405001300504e-06 0.003554456883154566
956.7915649868336 9.79440703327433e-12
464.64031947393863 2.8934166038283074e-11
1.117122001436814e-06 0.0004958984883211928
1.9081947237152742e-06 5.777158262918893e-06
4.0686760138300085e-07 0.035855812907323606
490.89283463311773 7.630955350421084e-14
5.97735090242176e-06 0.00012765352395953378
2.9982410566644707e-07 0.0059992625823852555
4.486397073525221e-08 0.061831040927727766
7.592485935641441e-08 0.004582597912474886
7.016572867392835e-07 0.0013222931160120077
1.7584960052826333e-07 0.03681104717567808
1.0137097974936461e-06 7.748681102720771e-05
2.3325293124313442e-07 0.10562188511833308
2409.7164634523174 1.5506633410664788e-12
2.05064667316816e-07 0.010100069645044311
3215.24706516237 1.3888882860951105e-13
6.414893284737069e-07 0.00041465695684439827
172.91105761367353 3.784332970079078e-12
3.208472190002046e-06 9.824681579879934e-05
4.6887739483043017e-07 0.006700645518059991
8.054891616452553e-07 0.0008411708259162606
1708.0269440906266 9.094803545115068e-13
1339.1093336434733 5.990357223339424e-13
5.805147578009241e-07 0.0012739536860014926
2.6059063484466676e-07 0.013689842168987469
369.13831981495076 2.454084186749826e-11
4.557159359009516e-07 0.00156088349890674
3376.198648960184 3.5370150503295086e-13
4.34136669915626e-07 0.00018721848530866279
109.8774753629263 7.909968308490321e-11
1.4340814519833788e-07 0.0011132107712002847
6.154191561267474e-07 0.0017934488705664644
1006.0127316279629 7.2340528118241654e-12
4.477100590044392e-08 0.03586453413011745
3183.785455925753 1.84939242319485e-12
3.236332815258461e-06 0.0014275696123176797
6.331302349005594e-07 0.007438998655240519
1.640273442736779e-06 0.0031871963239271804
1223.6044509826024 2.154616031882546e-12
116.68070585258226 1.209949281145509e-11
6.531219132715632e-07 0.022205072092021792
4.229185008367121e-06 0.001499384501726404
516.9836703121487 3.9910398264069856e-12
2.618515881283796e-07 0.005935980658953726
1.3254608784183422e-06 0.005408812680564474
1621.7714659299997 4.009322603877179e-12
5.049360683135947e-08 0.0013012337766354516
393.2047168180934 2.8334629825595258e-14
267.9133845680293 4.280335355218736e-12
8.449469944950476e-08 0.010258059079185252
1062.661423167144 1.5803546926695118e-12
5.839649864342505 1.2080402636991491e-08
3.531123339138064e-08 0.0030019403263610526
797.3413168814496 2.5172922529971057e-12
9.511740087018569e-07 0.004200684322426395
4.741290664914588e-08 0.015990685295406544
2.8474564609687223e-07 0.0005349713555717725
289.96190717650643 3.3924296228015705e-12
2.8706057586105277e-07 0.0017239975337996322
825.6785960497403 6.3336927470492e-14
7.254936871443778e-08 0.0006387964927458747
1.6906805608598158e-07 0.004982776670014997
627.1675039242423 2.3434079775868385e-11
2.364893388479196e-07 0.008840210803850633
26.748243099186386 3.168020085799346e-11
3290.494670687459 4.792786406622617e-13
1257.3049240954633 9.606332885574408e-13
1.5088868180326345e-07 0.00623368932002723
629.7763147397338 2.0308431651630745e-12
7.14593228664779e-07 0.0008628421872027259
1685.268513013651 4.3941562892554794e-12
1.5036938998233307e-06 0.0038270884760405063
428.287938401524 9.510889825130975e-13
3.6589928065346675e-08 0.003973478101598745
6.160136863929094e-08 0.004005199261131828
595.035109209234 1.6524696513498149e-12
6.71725047867657e-07 0.0012198944941736434
1798.027633659174 3.0351010641535507e-12
28.399315389939883 1.8848788838906818e-10
8.04151227821848e-07 0.009481918622098986
4.5532308176493744e-07 0.0025751722714491836
6.425112274352866e-08 0.013405023129759564
9.94943662164267e-07 0.002530822890110672
2.2981596553755595e-08 0.033207941592639366
6.83395085696327e-07 0.005777750106986597
1027.6060696030454 1.809928904412652e-11
2.9046169973578924e-07 0.005761921542407119
1.019200840720693e-06 0.000818944484004203
2.588429369637182e-07 0.00861930560472217
1.682157978025861e-06 0.0030653952449032507
1226.7426476758071 2.594216198852478e-11
2037.3888318690479 2.621496472649464e-13
7.08206717781865e-07 0.0007439607991281157
306.1931616417899 8.321007910485621e-12
1.249232488147738e-06 0.0018866424506991876
3142.539275802653 1.5336045158755904e-12
2.907769121731109e-07 0.011064572919358215
1135.734025103327 6.411377186285003e-11
329.2420777803231 1.612630917218902e-11
2.557810961890842e-07 0.002449776230264241
1251.3244914365905 6.361541256284122e-13
2.0394562198829228e-07 0.0025608314227762493
5.192444835289643e-07 0.0007850930741449042
2.4798242848001224e-07 0.011693652018703241
1.1566181191110528e-07 0.00030149020913353077
813.0037510415735 1.666140740088719e-12
369.9749525133209 4.8750833571688505e-11
2.7861323407864798e-08 0.0005156028478336521
5.712067463481502e-07 0.017900681510204706
629.351248745859 2.2335576143294965e-11
4.998481704161044e-08 0.0700000616163745
166.3284249923308 2.1524800130053747e-10
506.3480862726781 4.390549054924187e-13
9.613532819440385e-08 0.0019211409429237222
284.5636766200617 4.740219642886206e-13
45.74142787436609 2.0386689478820033e-11
8.84182227650318e-08 0.01002052999057536
1389.5289397521362 1.0187012130239767e-11
8.882984549132267e-07 0.01518258263827735
4.1442403571883096e-08 0.006132512841633132
4.168212969652223e-07 0.0011747118994400317
1001.0649011794965 7.585066545110527e-13
5.166382469706639e-07 0.0012958912204671963
1.3246462420965998e-07 0.0357935519018804
2508.6228887445195 3.561484367746447e-12
1.1517402799873595e-07 0.014439671771407425
1.954413125858938e-06 0.0001162884673167207
1.6613884058448532e-07 0.036987339865676185
6.723684064165587e-07 0.0002966999489247535
1419.4438596453629 9.191417757236462e-13
2.3803149695245627e-06 0.00010028579131612816
1326.8257730268758 2.425352065037619e-12
5.79865799986947e-07 0.002257161550662316
1434.6708581223122 2.893934375323218e-13
9.602414986055262e-07 0.0017718736109534959
1.730792916140499e-07 0.03257055191497427
212.2077195792551 5.598953437937431e-11
502.08467486618423 2.872712477341423e-12
3.579175397353162e-07 0.005202297385035243
1.1722782961672379e-07 0.0019386389970797555
1715.9023704894769 3.605058376556516e-12
1.3000614466051419e-08 0.0268012228809455
398.43575708289654 6.6322783762326235e-12
2003.451660060022 2.281168529054046e-13
3.578646775413538e-07 0.0008525523852064156
8.010065915308653e-07 0.03652224791496884
123.942350225098 3.0963000937162484e-10
4.676060713977149e-07 0.00011497696233881105
883.7671227831468 4.5268031773197465e-13
1.0895115149690755e-06 0.018373951616945362
2.4997907239976735e-07 0.004747918713051255
1127.3897218192326 2.503029038234125e-11
5.777999308811364e-07 0.0010022967701142239
3.409799352788099e-07 0.000342739628613174
4.284737611818897e-07 0.022843477856577806
364.76932860604734 6.550913374967893e-11
208.8805597282214 4.783836568894055e-12
5.930867521134672e-08 0.013636629470489471
445.45772601211456 4.529912510880561e-12
9.510468132487801e-07 0.0010202732958901311
1592.9474157020607 6.040446024757744e-11
2.16104681619462e-07 2.5359558312128065e-05
4.776583127511523e-07 0.0021659087214574916
3.3154967601189294e-07 0.010239486762777288
1761.7534846763356 4.377620231648631e-11
5.215466180977556e-07 0.01781530085813185
3.5403048386878243e-09 0.0009195211068440789
1.7988070108592974e-07 0.0019483372576044008
4.4448292988356585e-07 0.0040950738327761
1175.9917052977564 1.3534242809133008e-15
2.1444160990831344e-07 0.002173285903814866
1636.950552368002 2.2581096517190224e-12
1178.5382130524883 9.131308547860513e-12
9.956484117652733e-07 0.003368427097671289
374.14843181499384 1.4863062876324818e-12
3.4597158598955797e-08 0.014824237813192856
923.6478008640646 9.353200202908243e-13
6.383376899305613e-08 0.01556297587650893
1209.8248867134987 1.2591934933723976e-14
1.2419124896906742e-05 0.0002824996352619544
1475.8199272565616 1.7771667363471384e-11
548.7960126389991 2.621569578122506e-11
49.2530218383358 2.207654858808196e-09
8.811566673666002e-07 0.0009501144783638419
7.041583263145086e-07 0.0023004241715464603
1.4991303043940425e-07 0.024037913455117868
8.262552439979703e-08 0.0005752653606421318
6.349889497584266e-06 3.185672931897477e-05
387.52606350779075 1.10381761614719e-11
2.3199167049441103e-08 0.09225396444294705
552.6223061074378 3.3475163831926082e-12
5.521870340124891e-07 0.002629470372416527
3489.5657374455104 9.304584953052702e-13
2.017657999727058e-06 0.0012803996075131494
733.470715848178 5.073254875819157e-12
4.190247018824745e-08 0.00041711853903260985
1024.9951306071453 3.930810409280594e-13
1.8810399510027927e-06 0.0007254360813118749
1.8439224514819304e-07 0.004646630096533882
640.3419920269997 8.381346689646387e-12
330.3310010169422 1.3310402097719372e-12
2.449589420430796e-08 0.016145894839061304
345.7960924170071 7.28715220725857e-12
1.094894791301883e-07 0.015771884693329383
1.792447739603745e-07 0.03427580747893195
684.3432410784784 8.041784797222359e-11
2384.477802028259 3.524539328742623e-12
2.115808989989691e-07 0.0016709903503639271
1383.4299907969435 9.118416976280924e-13
6.284736601323355e-08 0.01749588608115603
597.8193039646433 5.077708655255827e-12
2.875887853275697e-06 0.0002492767201652562
2.635035618635476e-07 0.01220025740566906
456.1340500404493 1.8281004204313083e-11
1.0349964452949023e-06 0.00652517273907656
3.4092187371581704e-07 0.00022792200633515942
2655.5883985948617 1.3397947043350262e-12
5.5233293914345266e-08 0.0008283069353474335
949.5429905092478 1.3176061132879807e-12
67.94581510511439 4.227754377035304e-12
3.031718899917017e-08 0.00729939565286034
1313.1331571971662 4.746138965220155e-13
424.390284958767 1.8917076342403168e-11
3.4599719432272303e-07 0.0003050230999891287
4.615016227778243e-07 0.009285236757991307
3.0620557429119644e-08 0.013858914481730423
485.43712553232444 6.988957531854707e-12
275.0112430442552 4.2823460875848974e-11
210.12564366268174 6.370636487472506e-12
1.7145475853503574e-07 0.006363471877434039
2.7611676920613362e-06 4.805892400023744e-05
2.819516656455711e-07 0.008741401883847207
4.635578781034765e-07 0.0002982246729148217
1.2778323309048642e-06 0.00048227018182312684
3.8691533686288273e-07 0.003069620769953566
8.986340763162701e-07 0.004858051797041488
5.6368353770641834e-08 0.00012696760702202313
98.5384553999371 9.737486816546903e-12
4.1279573691099366e-07 0.0016956570641722959
2.601394670063934e-07 0.008168274433557955
6.395711976424991e-07 0.0041278341651171365
710.0331376110709 5.9388192953147524e-12
3.715039560780781e-07 0.008221491025847176
1.94873867281338e-06 0.000798760302437041
1.0122510351313792e-07 0.004246528173129196
6.101017723603468e-07 0.006139701622528785
5.7374852350438225e-08 0.002562970944572827
286.56347681185076 2.059279413813408e-11
8.404781999266243e-07 0.0029472139417298857
5.443978659085195e-07 0.002723588796953974
2.5676215752831544e-06 0.001145092040377344
1321.3276268054283 5.566778633371904e-13
2.4054717455909726e-07 0.0025518565596982395
48.388447776939024 1.5991028329912258e-12
2.787725735637687e-07 0.0004397047857461868
1197.1889403108896 7.67839562749208e-12
7.958710085115246e-07 0.007780234357054369
874.8552154638111 1.381361239686293e-12
1.356724023901987e-07 0.007033614314944676
1.3584921502385533e-07 0.00423174109908082
5.2655243564498165e-08 0.020952402975119286
696.3024807033302 3.056455579476904e-13
1.6181435667975007e-08 0.004943134277648612
2.5591614305776406e-07 0.010135479015482346
2981.5128685981776 4.117035808166817e-12
2283.5914742741215 2.783934007903842e-13
5.574250340162412e-07 0.0009349026135572097
1.2888512973101699e-07 0.027179787012509712
269.129247622264 3.750898871408389e-11
967.8603228324005 4.14731409656625e-11
1.54022986650126e-07 0.0003526716984406237
963.04790192127 3.690530340889822e-11
926.6283733875482 1.6443967503497014e-12
6.360001834933192e-08 0.01829317044387101
983.9556314885501 9.447755999347553e-13
1.5797141018271531e-07 0.001950783218841963
4.849202300098872e-07 0.018089399523247517
526.9776714658594 6.558433622913639e-11
2.4987890909663616e-07 7.011363692206347e-05
2621.567853317401 8.085151791136567e-13
570.7586008564228 4.6780905890551887e-11
2.3250227741690398e-07 0.1002380272386931
1.6026100685167208e-06 0.00036389471093842637
9.184591090807488e-07 0.0020038355100158445
707.2445678022623 3.5642885675036045e-11
2656.144555716547 1.3900198819775151e-12
4.4996608989650925e-07 0.006452738708010267
803.547571695209 3.1974740799579764e-14
8.080524956980015e-08 0.00023144651726391817
7.008179226435382e-07 0.006384601284532527
4.20000670660821e-07 0.038733567180042505
1.8435141036483547e-07 0.002881117507332389
1179.2768247780766 2.70817723046944e-12
2.2411036452153655e-08 0.0005054709359780684
2.4955950811722384e-07 0.00030739973991768244
1.6066400477991014e-07 0.00043256804139872704
431.4598648066373 3.695890532045202e-12
2.1242219690675106e-07 0.006880292986936177
240.36258866863702 5.4713211583023084e-12
9.024093793250554e-08 0.012252679528750277
301.79114283428504 2.5947766897144817e-11
2.857003816602883e-07 0.022191132918552823
5.015926041739824e-07 0.0033970332567782088
3.8323583164099187e-07 0.01505664418674675
7.658737830720995e-07 0.021558259799457736
4.4644152964506704e-08 0.008751997095921352
1.9511170345672524e-07 9.069536268150359e-06
4.773108698895343e-07 2.9921337155855145e-05
3101.331345543841 7.771375229420408e-14
2.579371791355937e-07 0.010436377571162994
8.631949001138255e-07 0.001149496805967012
2.1162833428585995e-07 0.006357243371373788
3.12744287288728e-08 0.005134391719664775
159.20989228861214 8.760697504580559e-11
4.594196918415191e-07 0.018484620580382003
4.5925814876032415e-07 0.007798230561730548
6.3737851067374e-07 0.00031672606908445764
5.810699542594248e-08 0.000178575223381833
715.5114967823847 1.1247745533782566e-12
1.6845083485853432e-07 0.0005863537649437649
994.0759572822716 6.7195909812346535e-12
3.2748822027634337e-07 0.016086370360835104
3.5462257774345285e-07 0.002795866061891779
6.027901533774725e-07 0.0027245114715907675
222.80323880683102 2.3305590508885835e-11
1.588611698083773e-07 0.025143550266668615
1768.8859673860293 7.143001514710995e-13
2.7300179836177786e-07 0.0011498502564997594
2583.565420969688 3.2297069289272615e-12
1.935553350759989e-06 0.0031237536857803916
533.3641467805367 2.3708730772652645e-12
1.6420794802152767e-07 0.0057363927725259944
3248.0997383777144 2.7020795477464845e-13
1.4042615832388468e-07 0.0025205100139687347
1230.0806305660635 1.0107298874791638e-12
5.936200042878358e-07 0.0012252443101453377
2615.0051509082696 5.592946650300997e-12
6.698908241932218e-07 0.002728269021485391
1.158438844562317e-07 0.00030568430345287407
675.5915484082179 9.699513473351026e-13
242.78453219505892 3.8396453076574105e-11
5.923329835639863e-08 0.004624102102129216
6.544257731726525e-07 0.0017935224478849612
1.2911568528693506e-06 0.0016350367676117115
3058.9133909141456 9.615525154450133e-12
541.7689957919974 1.1325686876213059e-11
3.0929857337258217e-07 0.0056521314142392864
990.4927367324972 4.7629452796587964e-12
2.093821253090113e-06 0.004535384695283249
1059.0830591930733 2.5118634271355183e-14
2099.1496577816415 1.0680060049838122e-13
5.764951692508132e-07 0.004350549616187989
44.31146583163853 1.0370598225666062e-11
2.5282729920478225e-07 0.0015410006554498936
2.7198189413279726e-06 0.00032854284238693796
5.15140806055137e-07 0.021582947989455762
2026.3791967476823 4.290678659350183e-12
1.792513345256075e-07 0.0393754948366568
1110.731622749898 5.73586837308427e-13
7.941523660569351e-08 0.008189461604759201
37.1431679756993 3.454599809878661e-11
5.0638371002006465e-08 0.020084501306781775
1503.7393520413168 1.6413660508128198e-11
6.019297316383737e-08 0.0017886208825676618
5.77320272203416e-07 0.004624799497227715
314.50374610228573 6.696454537405697e-11
2.3615506373725732e-07 0.0010161657805677587
6.24603491988388e-07 0.014819056411292943
8.579016590052798e-08 0.0011988659269371038
1.9634782182827543e-06 0.0012903809816726427
2.538111458253308e-08 0.05552715338449766
443.8992976891868 3.8672538085407363e-13
2.2274471235686196e-08 0.006071647844924104
2.4790268299743675e-07 0.08485960456449715
225.86998804615357 9.706369769445192e-10
4.052518741428448e-07 0.0040571119170065275
2.3048084134637138e-07 0.0025548622229336344
256.092681051379 4.585426180189695e-11
196.87103519391766 3.1808413221441048e-12
820.4884627659699 7.478773126661715e-12
1.3544972365680048e-07 0.021784501218629904
4.0043284363178996e-08 0.0080294422782983
2.9617298054793368e-06 0.00023660705949208883
6.111979178988152e-08 4.202636463867284e-05
1.954476725553421e-07 0.009963316362926173
3.553330099177376e-06 0.00022193238243700856
6.881699355232503e-07 0.0030584712930873015
2.005321091543189e-07 0.010629270730776425
1.3753192840817788e-06 0.009514178145727187
278.7181530104427 3.615077357363433e-10
1.0457759064143533e-06 0.0015071992532418499
141.5038887094279 3.0115538771438887e-11
189.24389818930635 4.413053831047476e-12
471.6745712425908 1.3998190441042213e-11
385.01992759684043 2.211316003857801e-12
5.597205209047592e-07 0.0010380523880223007
1.6170408635696773e-06 5.533145623002128e-05
3325.6261582806455 1.8756676533198386e-12
8.309374150295435e-08 0.0027221883096294214
1.1267389982410728e-07 0.0014406856743053138
1.0489729445577662e-07 0.0032996578003338566
2.399880177897936e-06 0.002551149168371221
1.5788163067888795e-07 0.0505226789418067
1.145817334528278e-08 0.0028931395529338496
1376.0522970037591 4.741948944852571e-12
3.280612847763138e-07 0.015259314326495625
6.208059938887575e-08 0.005228734812114902
2214.223284999705 1.059121771686781e-12
1334.4360294431747 4.75624806008945e-12
1474.2253094424652 1.7627249511941285e-12
795.3968769364959 5.621474583625576e-13
6.309960308312959e-08 0.005877038218090769
8.696352208096637e-07 0.0009168594910869684
326.70005089290896 2.5258865985835605e-11
1.9701635624553602e-07 0.029492449232598243
6.808449952114934e-07 0.0002403402758057877
2645.2019016408544 1.0380169857552597e-12
2456.8643607470476 1.092971655208106e-12
3.57221378648701e-08 0.005458492854754312
2.3650156629699532e-07 0.0006195048430526783
4.6747016649772763e-07 0.0014434636260213956
2075.8096359099777 9.507632437508622e-14
4.668091781937587e-08 0.0038971936912968095
4.169232621145119e-06 6.07967466852655e-05
1.1279954480773671e-07 0.012869695990590263
7.669471904617745e-07 0.002059627161986352
2048.9232350706025 4.097984220727896e-12
7.309103990350758e-07 0.00302897917458397
409.61532173822735 3.070234683079996e-11
1.0861603915356186e-06 0.004618222921530038
1.075233042583439e-07 0.001976244759237269
1.2010949228131758e-06 0.0028095433543249265
500.44554501380634 1.8495146945174426e-12
3.998889095123466e-07 0.0021146941691938394
1.6814166058111067e-07 0.005810756866037434
3.3905061460106746e-07 0.000307839153015424
6.399953929869085e-07 0.0015860248481710222
148.73599134300775 1.3494656551174965e-12
8.810298416170752e-07 0.0004302885794820484
2.688165813559798e-08 0.006499118917397556
134.2372290751751 1.095712968152256e-10
493.7633085691323 1.1337294189858284e-12
3.1454613063701172e-06 0.00029627561096922696
2.15390754067159e-06 0.0002161698347857427
2.97353616518071e-07 0.006231616557318515
5.912812452550135e-07 0.006346924879888076
3.727476904941512e-07 0.004610183573752388
1.3516768465461937e-06 0.0012188965186987909
1.1764200400003548e-06 0.0021297468874582363
1.3715396172876007e-07 0.0005731631158555521
7.571843833204891e-07 0.0014842761297244119
8.406211895482004e-08 0.07439195724783504
1268.0144222498532 1.5623693227596534e-12
1.460580182704436e-08 0.00389956335899028
742.4769723222194 5.069288714364597e-12
2.7288040809137833e-07 0.003198463761347349
8.102902206178611e-08 0.017652522640620588
2.630886017990713e-07 0.0004850421481149751
261.2609554836343 2.2336514296274835e-11
2.4945004621954903e-08 0.014423220764997843
511.6489061833075 2.4526101778052826e-12
1611.0922717661458 6.017224584926274e-12
1723.779874350805 6.146732209435111e-13
6.41632716716788e-08 0.016710175212080174
2956.9177124101116 2.98046970437978e-13
2372.3341549288953 1.4445587394024004e-12
1.9035153930515257e-07 0.059791256071007354
2.7553277207228934e-06 6.940689770079726e-05
2.1881183236882243e-07 0.000987859988312609
6.344546259805404e-08 0.0021681976966427046
652.3312571333643 1.7854234849110146e-11
4.02936504941392e-07 0.02190929884639994
3.976080480040599e-06 0.008491226567621534
1368.0172273646672 5.569936691458331e-11
5.634745951821162e-07 0.00026191062601589946
9.842167477820991e-08 0.00010636085309374796
2.0433765498877507e-07 0.0038772188480824515
295.1774476792722 3.879686429730303e-11
1.0008358819320268e-06 0.0009931573549186142
2.3347061459376146e-07 0.029553453918578897
898.7698690900492 7.187442382414006e-11
4.864084399147748e-07 0.008201085579709907
3.6797946969406607e-07 0.0003069491269034282
1374.358300297215 1.913312238829774e-12
2.748946655490864e-07 0.011791864144907882
603.9532782714559 3.550164949128277e-13
9.118237402759899e-08 0.0017548828061596977
3.338079061034258e-06 0.0019156128668973876
2.6055418667326144e-06 0.0003753194324794793
1411.2728489458914 6.265664534393563e-13
2.170240319879687e-06 0.00018515428866650193
1.0991055433571666e-06 0.0018539496860854763
1168.4030826969215 2.3001966389340323e-13
982.5840807157185 6.2363320081166596e-12
1.3492749289999417e-06 0.0037278207276816924
2354.733191410921 1.7013919776261512e-12
2504.691771832837 4.322537827490538e-12
111.349676655331 1.9243812101849778e-10
1.2522597768918925e-06 0.0008328103006075289
5.795147492101942e-07 0.00015463188393214226
4.1759176521763815e-07 0.058054660946504556
3.156928507610464e-07 0.00017345868008975424
201.28721414121054 8.117857488154836e-12
1.1743129309021968e-06 0.0014982716118967388
1263.2572095495111 8.340376997756148e-12
3.990881033881817e-07 0.021302921369605616
3.3864426769643106e-07 0.0059438920516578855
1095.2770878504607 4.623133094142392e-12
1.8488994640226378e-07 0.0005875016920471781
5.79020699901074e-08 0.0036424635541025354
1164.5984236578074 4.578522479960341e-12
1.4422671561115143e-07 0.0012916814520901594
214.62737927241974 1.5536984775226047e-11
2.4118730524531643e-07 0.011070338215897936
2.365661746847186e-07 0.00011886520403261121
3.386279245926959e-07 0.0006906840627095946
5.692535083520041e-07 0.00038945704945260006
1495.6278304198413 5.655503279677154e-12
802.4610439986174 2.959684765506627e-12
1.1327672767058095e-06 0.0019347158110499354
2.9855951072935274e-08 0.006706958020648552
6.500684082648191e-07 0.008442573851817708
2.3949270762480194e-06 0.0002822895709117451
1459.8749857236332 1.925988799063307e-12
23.175838832383736 5.414952136011274e-12
3.153414297343664e-08 0.0038104006888919676
800.2842283935754 5.652917017448695e-12
3.367463141736578e-07 0.0021871214750429305
2523.113479043532 4.974420290134417e-14
1.0022092471787604e-07 0.0014007765413810121
1440.6048885538567 9.526113415426883e-12
1.161344095462503e-07 0.02350561888799076
5.902878480937971 4.956793763526658e-09
583.1647515305674 1.801963414923695e-11
3.14768846091855e-06 0.0023465868247567185
5.487080414388724e-08 0.07202041070388773
1483.0220207750729 3.009352466753451e-11
2.959506939493194e-07 0.015759224624484446
1.1703738885278796e-06 0.0003076504465133282
3.8102205231607097e-07 0.0030380606622085423
9.268801814586991e-07 0.001248969831462317
1561.5311668756112 8.911297598428447e-12
6.96845610026538e-07 0.0035492234308661702
7.693942612007437e-07 0.0005834270547282768
3.0147792936763223e-07 0.0009397005188736868
911.2388896806954 7.608658458126944e-12
5.0517822256531195e-09 0.017064738184873047
157.01827588016957 3.088193281167345e-12
1.3256043313948446e-07 0.0030822787284579068
2352.0952801269 6.509661166239492e-13
1.3702288447679548e-06 0.00132568386084239
1360.102113253193 1.2677972673362818e-11
1.2352656985426291e-06 0.004495239905108306
997.6613354155157 1.5691944182822868e-11
3.326410236180869e-06 0.0010633694974270884
3167.8292721615126 6.304648132151692e-12
3.67086815152596e-07 9.865757733234944e-05
