4.487149775328094e-08
2.540106983276757e-08
2.003187580316761e-08
1.9617698762577053e-07
2.3131215439126834e-08
5.954442956432983e-09
1.4758067479773477e-08
1.4111383451963606e-08
2.4145757811345575e-08
3.410869797420387e-08
5.2691513156269797e-08
5.864370157918156e-08
6.954924379167801e-08
3.0542399024576214e-09
1.9371499376608923e-08
1.690516219467665e-08
2.2402083894644376e-08
1.2753296780026455e-07
1.562849733015695e-07
5.829963077763122e-09
2.1143704506406197e-08
2.2347393832154398e-08
2.8099783578012504e-08
1.088281560776843e-07
1.2151330379431875e-08
1.584012621002962e-07
4.414132833717596e-09
8.741924671923085e-09
5.190485376356871e-08
7.994917584754565e-08
7.962551394423455e-08
1.450985698390278e-08
3.2350725295251814e-08
1.667902834582265e-08
8.987659488037162e-08
1.8895613340673034e-07
3.659961971696976e-09
3.531739440739251e-08
3.720630275604604e-08
8.766576538260296e-08
1.981746662524796e-08
3.679926577845281e-10
3.992338607401923e-08
4.3021650411270555e-08
2.4468907191469883e-07
6.115887856117549e-09
1.3573872973533945e-08
8.332573791259724e-09
1.2162024183716997e-08
2.8722738119956955e-09
5.500935198051468e-11
7.955133683976016e-09
2.450685197812036e-08
2.2816883927908098e-07
1.3309803293868768e-07
8.698882378054715e-08
1.181815917862411e-08
8.599610291313369e-08
5.752331413745574e-08
6.93522319390922e-08
1.3558235205298343e-07
3.019649499466216e-07
2.793269883320607e-09
7.334145517267667e-08
1.9472315566603723e-08
2.2056085907545672e-08
7.589225140352687e-08
1.2302764896539699e-08
1.8184040533962062e-07
2.886646734605037e-07
1.0505948385541715e-08
5.761315752377238e-08
6.150751922021863e-08
1.997179350640769e-08
4.9981008309112735e-08
2.477487266710544e-08
3.2505632919362887e-09
4.954716633850384e-09
2.7231940215851622e-08
2.4870070509917083e-08
1.110963377350978e-08
5.2781774670596365e-08
4.1315896801648264e-08
4.221068334554265e-08
1.7640474914352898e-11
1.5679157321354e-08
3.4618734471926135e-08
1.8044267819567052e-08
8.436324006494793e-09
4.817212226785657e-08
4.3379645784842344e-08
8.46314903692814e-08
6.7813010288638715e-09
6.74825319301885e-09
1.3495647496468739e-08
2.0494014633525363e-10
4.322957967192839e-08
1.3559965622409017e-08
1.1948037717682837e-07
4.999259715631846e-08
2.171478366227169e-08
6.231441478297553e-08
3.928364706770597e-08
1.5690992068715292e-08
4.302986595239092e-08
1.2014044050732117e-08
4.2391770578472e-09
3.4771393887261326e-09
2.4628523568385887e-09
1.5464992480429736e-08
1.4450111437093725e-08
8.722235731294218e-08
1.4590017780123246e-07
7.373305079437272e-09
2.8053350189153895e-09
9.007129557334031e-08
2.6832779570781514e-08
4.064524675526624e-08
3.4420437190285293e-08
1.9552803186297515e-07
8.384683575766682e-08
1.0856967365264178e-08
3.256755199898707e-08
4.296352700359584e-09
7.2084416091018315e-09
3.609564085939827e-08
2.041105296621266e-08
2.698093744983284e-08
5.3338861344586235e-08
6.707966045550113e-08
1.4989680852692805e-07
2.6438205653195107e-07
1.4622486670219126e-07
2.7246586279929764e-08
1.0902170052201911e-08
8.13498915903756e-08
3.2123128026934826e-09
8.208586004383687e-08
1.9964879018896096e-08
1.297216650209783e-07
5.274097342132769e-08
2.1338285838074701e-07
3.7129042313101965e-09
5.799319999849229e-08
1.1044201293659918e-08
7.50220892414953e-09
4.915641829036885e-11
6.170034653282665e-08
2.7079294833670068e-09
3.8310507572277214e-08
3.409070842099381e-07
1.282315569122396e-09
1.384198703113121e-08
3.3399419125866626e-08
3.017453165876042e-08
3.647353177725843e-08
6.8732551004130435e-09
1.2014538138826455e-08
1.0140937538319996e-07
4.248333932230748e-08
2.144972913771191e-08
2.2203335551281035e-07
1.6385225588988157e-09
1.0934214696801829e-07
2.8877391523461756e-08
1.2248678204416697e-08
2.6475344175667094e-08
6.271992738427898e-08
2.8745105223188236e-07
2.0900581162093243e-08
1.4412648693601072e-09
2.9908804288049995e-08
9.13609397619756e-09
3.033632680400661e-08
9.056920675838376e-08
7.08221370065743e-08
2.471661606619737e-07
9.044774697608083e-09
3.017514652337759e-08
2.854797875746606e-09
1.823825269443661e-07
3.4742188226253894e-07
4.708376621311276e-08
1.6088979716142044e-08
4.190611804500009e-08
1.3646002009725056e-08
4.814285219133242e-09
2.4844845398213815e-08
3.752616359960962e-08
1.652637433569338e-08
1.025451286357444e-08
1.3780551647088968e-07
2.3538648486154342e-08
1.3411038379544096e-08
3.440841250205218e-09
4.115600770389078e-08
6.074268368044999e-08
2.402213485467386e-08
7.333611937984069e-08
7.956562891693119e-09
4.363908356867385e-08
8.039014653047033e-09
1.1853173479976424e-07
6.57066107087118e-09
4.289818775055987e-09
4.347359490767685e-08
7.363404102859251e-09
1.8643464878089625e-08
3.0505341058004416e-10
1.8203716213134642e-07
2.8005022946113297e-09
2.830396171374885e-07
2.1781641593886815e-08
5.2036720434078195e-08
5.476631236799152e-09
2.8483356503940097e-08
4.308003043666184e-08
1.80190066076284e-08
9.395335311928643e-10
1.001995152241906e-07
1.7091405944260634e-08
2.3844087424424615e-08
3.3540981594143644e-08
2.6089811087732473e-08
6.213771901799258e-08
1.6198716293155738e-08
1.3347589709733826e-10
2.5660355725287287e-08
6.067756690169289e-09
5.9077986177257556e-08
1.0093227977841595e-07
4.035826556822563e-08
3.982680876107711e-09
5.6835930645576124e-08
1.033491590349047e-07
4.614744266989092e-08
8.74435274912838e-10
1.3853222874662505e-08
3.4597879279375316e-10
2.517386178092431e-08
1.1229067916839296e-09
1.159986495245855e-07
3.0133937056871194e-09
9.358600966338398e-09
1.0353305483791409e-08
1.1609539222059683e-07
7.3322267281799244e-09
7.77142354007754e-09
2.5064822456639206e-09
3.777019464104957e-08
8.240136701006366e-09
6.175085272035918e-08
1.0025427069524201e-07
7.700128727783702e-08
2.0506726671845138e-08
3.220492378485671e-09
1.0737223866703292e-07
3.870651864006616e-08
1.4439569059947714e-07
3.582564553357394e-09
2.2741170895315185e-08
5.0394924906176266e-08
4.203787223699902e-08
4.941005230599088e-08
3.34278965104859e-07
1.2102992725753094e-08
8.384667232457419e-07
8.703986848078956e-08
1.9286922877919114e-08
1.6280676734329693e-08
5.707767116458859e-09
7.922730361221945e-08
2.202481832511799e-08
9.189178558334114e-10
1.2294654236243665e-09
7.977741706328078e-08
1.3516596058231214e-07
3.561751456541136e-08
4.3073053412874575e-08
2.3289033985451126e-10
1.8886002269092828e-07
1.0038752800154238e-08
3.677176478242731e-08
1.517528472801654e-08
1.093079258227571e-07
1.5996915288284156e-09
3.274483672585591e-08
1.9708999861199525e-08
9.807646797978472e-09
6.304262427988098e-09
1.2534182164870659e-07
3.4658978075622565e-08
1.4535763194259846e-08
1.1359884294241838e-07
3.6431516400711544e-08
5.030356404507071e-09
2.1821023756129197e-07
4.095910832364681e-09
2.3790985381957927e-08
7.427089140003667e-09
1.2768911119891354e-07
2.003551831731452e-08
4.08752221535304e-09
1.8602830988542847e-08
8.753191880151463e-10
1.6578142548010018e-07
1.3940587105854347e-09
6.26111582988145e-09
2.305099819862798e-08
9.361336462509851e-08
8.396517999144814e-09
2.342876735661167e-08
9.66673289903819e-09
7.609166342449618e-09
5.9457143818140935e-08
1.1498762614337559e-07
1.5419276283447654e-08
9.836029029507192e-09
3.1216784202120264e-08
4.631434657485988e-08
1.8341447870395205e-07
4.023114938053817e-07
1.7228368726965076e-09
5.2148743717475506e-08
7.659002266247912e-08
4.477167278118691e-09
1.537391139884019e-08
2.6504556968459655e-08
2.4932007323178847e-08
6.882570746129645e-08
7.227804588659943e-09
2.2616784020330757e-08
5.189060510861591e-08
3.608777536660693e-08
1.3753567526809658e-07
1.5919044279673963e-08
4.628734448374632e-09
3.9030106776480034e-07
2.512938911523267e-08
1.4259067514299141e-08
2.861143586245724e-09
2.907471852943329e-07
1.0046439913860106e-07
3.0299356799983045e-09
1.1191000548625737e-08
1.1191105892656798e-08
3.7715953462581944e-08
9.636211572528257e-10
1.341200183609125e-07
1.05635245426323e-08
9.65121421893748e-09
7.221597413904312e-08
5.1815131213990756e-09
7.84379527432525e-09
3.087212775377637e-07
2.0459151801235832e-07
1.2445549154727075e-08
2.0238650011645166e-08
1.6591078025735665e-07
2.130696661983925e-07
1.0875770276809568e-09
1.5756999081838325e-08
9.647267471216664e-09
4.562372669921605e-07
1.092900798415998e-08
1.7548037219686132e-08
5.352576270995378e-09
2.488178993910784e-09
1.960953815517936e-07
2.7194229635825693e-09
5.486648063575182e-08
3.0936480900360263e-07
7.548769756166799e-09
1.1941090697847808e-08
4.118538463754227e-08
7.517584370372402e-09
2.16708308059615e-08
2.1586741723506624e-07
2.7903240921687753e-08
9.019597409016534e-08
8.884895109919469e-08
1.055081531632177e-09
3.3040670319719606e-08
1.113721984433695e-07
1.3166212110321623e-07
3.2246040208070394e-07
5.9160983074828e-08
2.275296459150869e-09
5.50935335549989e-08
1.1013962490920233e-08
2.4222708564031226e-07
8.694696450002223e-08
1.4980330864192483e-08
1.4591648176320674e-09
2.5654864800424698e-08
2.7627790261011118e-09
3.0679794164452216e-08
1.4855556395097693e-08
2.571550947053811e-08
2.9716368119878394e-08
2.7877601351263016e-07
5.5937793201329605e-08
1.8907905518037938e-08
9.787995499002845e-08
4.6197767697729933e-08
8.343878750282794e-09
3.900592928028896e-09
1.2321341385930377e-08
1.516144668326919e-08
5.1357099358411e-08
1.5828492194897103e-07
1.4257755787342568e-07
3.322712528908046e-09
3.0545287836062715e-08
1.8339413811394535e-08
4.4791260457578796e-08
2.4856934770547475e-09
2.094319390856585e-07
4.163613067742116e-09
1.8943118306592936e-07
2.3296830855898347e-08
1.1971266435164094e-08
2.6581446756890167e-08
2.966299893110763e-08
3.2076274247353457e-09
1.4941072025107917e-08
7.616358085765092e-09
1.5286459167258182e-09
1.7262037961471697e-07
9.518712874837537e-09
3.2876623620288527e-08
1.0504098703848886e-07
2.067788589107477e-08
1.445367165340629e-07
8.376854074390297e-08
5.4208286356091576e-08
1.3806831169223523e-08
4.649936547772892e-08
1.7927928002669134e-07
6.207496887064258e-08
1.575031899553036e-07
2.3634843588821457e-08
4.504617789482167e-09
9.915491181998857e-08
6.894995793256783e-09
1.7087416670589218e-08
2.586886517656924e-07
1.9111275564890587e-08
1.1488868082010755e-07
6.9360224331143665e-09
5.3379374159703335e-08
1.3816052776445468e-09
2.6399235048166634e-08
3.0481249905031207e-09
1.0775368384135838e-08
9.372412993990821e-09
9.53678520510351e-10
1.0873525743925749e-07
1.7365018635407476e-08
4.566561656943554e-08
7.874692279190957e-08
1.2806589075618207e-07
3.168920448634547e-08
3.504289674050135e-08
6.11696256442835e-09
6.803931693009808e-08
3.669183092820423e-08
1.6589871345336878e-08
1.0168292177438512e-08
2.704312282947436e-07
4.6669614462745716e-08
9.9239762778092e-08
7.6472947856799e-08
2.364109864405161e-08
1.5830387502730159e-09
1.1608430622830366e-08
8.331130500250156e-09
5.3938890552479776e-08
1.9660342708782746e-08
3.541176273936204e-08
2.617713423829984e-07
3.810937443023022e-08
1.9913285167041044e-08
1.4325936731409772e-08
7.169129542123949e-08
4.69749687749354e-08
6.309416492648249e-08
3.039893540119899e-09
3.9227508528600355e-08
6.107958191417482e-09
6.813806036185543e-08
1.3082282548420231e-08
2.06439595159764e-08
1.227106966484484e-07
6.3696440198929575e-09
1.6178781527973923e-09
9.469211775860999e-08
2.834627132551208e-08
3.964742959196697e-07
2.5287277858768075e-08
7.756338278321175e-10
1.725504958880883e-08
6.519463530128234e-08
1.0037037487746538e-06
1.5481026298425e-08
2.2432226082241716e-08
1.0272895221312568e-08
2.0646956565200775e-08
2.7982411664195915e-07
4.6877300344148074e-07
1.2923520268263256e-07
4.042723568007169e-08
2.104279417283814e-11
7.845390961387795e-08
1.1988398997164537e-07
1.6729457602390864e-06
1.8157142596387918e-08
1.0535211266729944e-07
8.074713904305265e-08
2.140069013547609e-08
4.646150839179095e-08
6.619469121520601e-09
3.67812858959094e-08
3.5079684554680027e-09
1.2890610669023e-08
8.505376842141345e-09
1.649379574710037e-08
8.620392878886529e-09
9.107359751997867e-08
4.720959846432078e-09
1.6001988725933596e-08
2.329670059562261e-09
3.9313561943592635e-09
4.9112234812936465e-09
8.918862329418697e-08
2.2888501344830383e-07
5.3003290528320166e-08
2.2776320913689497e-09
5.601731395443783e-09
5.64748955244978e-08
4.2111810661106276e-08
8.560379816203118e-08
9.613668334053765e-09
1.669276437991659e-08
6.390889966182014e-09
7.020532814613258e-08
6.178328705031041e-09
1.4693446717064876e-08
2.4516870187941598e-08
2.5773502814750248e-08
1.6255979747145436e-08
6.497836828786343e-09
5.030419263714929e-09
1.6710667450964902e-09
2.3722940323882106e-08
5.344163735145486e-09
4.1880423385435395e-08
1.9481545447239804e-08
2.277010498929326e-08
1.202466762436634e-08
2.6972804862196243e-08
3.205527562637213e-08
1.1148858465032954e-08
2.962552672586303e-08
8.993949575447216e-09
5.056749903956631e-08
1.4423869649335792e-08
1.0772784244001984e-08
2.269292035609396e-09
2.2112989156414938e-08
2.0248468412187435e-08
1.4520563473031933e-08
1.5459535675713332e-08
6.06856903392879e-08
1.3973588787173844e-08
2.8411639161878654e-08
6.102661295757868e-08
1.9822350310477925e-08
3.842967236766536e-08
2.345168477592201e-07
2.1856072429638246e-08
1.516054609720144e-08
6.136711648990907e-08
8.200303685996965e-08
1.012777458419472e-08
2.3196991128391044e-09
9.799702460547443e-09
1.4849684758718167e-07
2.091674814684531e-07
5.922202712284256e-07
1.2501904870826553e-07
1.4594745979699723e-08
7.719185213122856e-10
1.3516322635646328e-08
3.452539320658748e-07
2.527076424539199e-09
5.4330603728763425e-08
2.10941222825989e-09
2.6062664281657588e-08
5.59826853094784e-08
5.030858855452998e-09
2.529583982285933e-08
2.9990977900941456e-08
1.126571618071178e-08
3.0468747121970595e-09
6.965230432884296e-08
2.694402923483587e-08
2.040455364793798e-09
4.844343022385605e-08
7.932728781374919e-09
9.351445085512833e-09
1.1985298278869223e-09
4.934917432446961e-08
3.858673766216581e-08
2.4938174254612913e-08
2.6295167182309232e-08
4.246897054884489e-08
4.976024745320198e-10
4.184820344126687e-08
2.7849898799630857e-07
2.97210854753785e-08
2.876120283559503e-08
1.6880519698736574e-07
1.6768277843627032e-08
8.15162748740733e-08
4.688196812324995e-08
9.178881463407397e-09
4.2356125059162484e-09
8.017637597015322e-08
5.122429390968453e-09
2.0412431139881475e-08
4.421801708400507e-08
7.413576480163343e-09
4.070967933296043e-09
4.76347119660976e-08
6.887512636444106e-09
5.963704348750279e-09
1.3642969599007428e-08
3.1908518693853494e-08
7.859645331346752e-08
2.6209685001366372e-09
2.2209814934154297e-07
3.0034116222444866e-09
5.418149514555307e-08
1.516332921704437e-08
6.051769104265773e-09
1.8326224944353726e-07
2.2362091971904567e-08
5.858729956916045e-09
4.224023794916983e-08
1.5157383890991083e-08
6.120853885717028e-07
3.3681637514732947e-09
4.609231050708871e-07
2.4313859794088706e-08
1.0146310191072475e-08
4.31684935244955e-09
1.3336963823072884e-08
1.1134122509026543e-09
2.566554146213309e-07
7.8786446987179e-10
1.0702610667004922e-08
5.290257650157676e-08
3.3614564604376173e-07
1.450907342015799e-08
1.0195374795056808e-07
3.724794539936246e-08
8.284909897391139e-09
1.5391784876071753e-07
2.329209389454948e-08
6.225951977964289e-08
2.4285733123171945e-08
1.1277037297028239e-08
3.014353861916734e-08
5.2855201359125804e-08
5.067804284058431e-08
2.6584764095799893e-08
1.5709868684243307e-08
7.729599897553001e-08
2.0564364893733776e-08
1.5208677136799657e-09
1.1634347137952924e-08
3.039171193735672e-08
2.788288619709446e-08
4.9749749098718945e-09
1.1773506691723348e-07
2.477924725306734e-08
4.6693968925345416e-08
9.343728876070648e-08
2.7064209315527244e-09
2.262346902833292e-08
2.923145575709377e-08
9.298918812535293e-08
7.89188970547777e-09
3.5323957707424595e-08
1.4012908586799213e-07
6.147555921732607e-09
1.0545216728463791e-07
1.8027723243873556e-08
7.266927559188695e-09
4.175853179347722e-09
3.8541672976874585e-08
1.091372434027751e-07
1.6057185330774524e-08
3.458280095387923e-08
1.9886331031119297e-09
2.9810321774372774e-08
8.314686476920386e-08
2.4933585543365237e-08
1.5359692199077923e-08
1.2381229291661818e-08
1.4264208997571115e-08
5.7612899810747715e-08
2.153172558763721e-08
1.9259011754096933e-08
1.2133330676685204e-08
1.3422016097836638e-09
6.724661671502995e-08
1.710895325283249e-08
2.4424424521599725e-09
1.6762213694609464e-08
3.3480642207633817e-09
3.5056937936968686e-08
6.050369758884451e-09
2.897474398293078e-08
2.724625498688452e-07
4.228719156267263e-09
4.027717403327102e-08
7.907340019407774e-08
1.1913394605660526e-10
1.3212301623185775e-07
3.253442029623792e-08
1.3350381019022852e-08
3.402146300286127e-08
4.826404148488794e-09
1.7391276415670972e-07
9.803277486205213e-11
3.363308599980288e-08
3.054642805143367e-08
1.357876841786753e-09
9.993167036610783e-08
2.0198882455134873e-08
1.8583572595634593e-08
3.1060223548018164e-08
1.0468428152106422e-08
1.2562226120859169e-08
2.109569689245725e-08
1.1629903878932899e-08
1.780611756079145e-08
3.4186663001386903e-09
9.34727638888356e-08
1.6197499451737652e-08
2.875784974932286e-08
1.4816975787894166e-07
2.086353096739811e-08
1.5365640957399495e-08
1.2575950373982712e-07
4.167688374384682e-08
1.5356631759682659e-07
1.7780894310490804e-08
6.414933732506511e-08
1.3121753452619207e-07
3.648384926486506e-09
1.6198612087359324e-07
5.1158478151656763e-08
5.559616047927047e-09
1.331681097774584e-07
4.2417398097612146e-08
6.701740404995036e-09
6.621335238176758e-09
7.634352102853327e-09
3.332620297974811e-08
1.1793711746570577e-08
1.0487926455097557e-07
1.3028113523536724e-08
2.383411612448606e-08
7.700936506302802e-08
4.876768704374866e-08
1.1403930360029144e-08
7.745026325733995e-09
6.665400573469973e-09
2.439500276114896e-08
6.667272298776414e-08
5.071464069569693e-07
2.146764100049367e-08
1.8632693471250135e-07
9.806943920312693e-08
4.313776718768991e-09
5.65812126908271e-08
7.286101807077535e-10
1.0112102637670746e-07
6.062768907998748e-09
3.025272020048664e-08
5.45351546374967e-08
3.1608443133741976e-08
1.4666958584553107e-08
8.212068327233917e-08
4.814188995600395e-08
7.055594045888901e-09
2.701990762174215e-08
3.9708730239294816e-08
9.992766409114813e-09
1.4366457602790503e-07
9.844772490986461e-08
8.032849740583562e-08
4.8016301273319e-09
1.0868012339982378e-08
4.9134670861555905e-09
7.949490278356392e-09
2.7813974704668002e-08
1.006706688322852e-08
3.1723443992728614e-08
5.074482226707015e-09
1.0878160013135099e-07
5.277414664207282e-10
1.6867331703781574e-07
2.019559210498907e-09
8.320193773696885e-08
4.544237830645055e-08
4.136044230443098e-08
6.278661456541525e-09
2.8240470603348263e-08
2.4502567723759953e-09
4.939972976379066e-08
1.8896527030554118e-08
4.6349490471107825e-08
7.145381660445759e-10
6.445544015569828e-09
1.8944415082053846e-08
7.3792729151413264e-09
8.426086740492447e-08
6.712744159335574e-08
9.332433594291464e-10
1.8377093235586556e-09
7.073495823172207e-08
3.3894410785380626e-07
1.8002812000282448e-09
7.242020661436809e-08
8.494639278524682e-08
1.988615033663389e-08
6.4764173127989055e-09
3.0218680189857126e-08
2.09054168577438e-08
4.155193405617468e-08
8.882156433667639e-08
3.098948279433201e-08
8.423756053231347e-09
2.077671966505166e-09
7.145428178668717e-09
1.0852083355094239e-09
3.8089063846692805e-08
2.9495639314030886e-08
9.895726307274867e-09
4.678817105986469e-08
1.9177314854120346e-07
8.485573124761238e-08
1.4309907453758556e-08
1.496221957281376e-08
1.3558133746117769e-08
8.581183059346746e-09
6.765000188782777e-09
3.5307250718719294e-08
3.106865351422788e-08
2.2592683776106426e-08
4.268181689083728e-08
4.3565027862977315e-08
1.050700939512743e-08
6.169120772397232e-09
2.829360924284068e-08
8.799194734346327e-09
1.5696535683150704e-07
6.365391140174761e-08
1.9633895529215173e-08
4.2123693931592766e-07
6.900357121343569e-09
1.6014237864385075e-08
2.886245202082922e-09
2.001057526248234e-08
3.7368248804362995e-08
2.8842800283640915e-08
1.7823115029294189e-09
1.9017422964005993e-08
6.051846957160424e-08
1.1067337225187303e-08
1.0208498893851682e-07
3.015745790443081e-08
5.938105787866081e-09
8.761190961944306e-08
2.0993316068885177e-07
4.1725359386262975e-08
1.770013254453525e-07
2.5336130459546973e-08
4.8086093360012234e-08
4.5550327645059406e-08
5.686136851678716e-08
4.571813383628442e-10
9.796987853265534e-09
2.1305611693729643e-08
2.5642348188916353e-08
2.056205902930535e-08
7.380059954057771e-08
8.970546081237286e-09
1.1181241573045664e-07
2.200119194508676e-08
5.041749861521557e-08
4.39464550306104e-08
8.658191275354778e-09
7.33321390016814e-08
1.0622199399236433e-08
4.320137146678059e-08
9.754948157678573e-08
2.8257247077427585e-08
8.033997833769323e-08
1.1935890615214234e-10
1.0196883769461871e-08
1.3120776122798726e-08
1.228887070257219e-07
2.1036693026940016e-07
1.7177644984093082e-07
6.082867222420661e-09
3.800102517728382e-09
2.7316186588081567e-07
2.754080832062244e-08
5.183828475025467e-09
4.2125162332289107e-08
7.039653345041365e-08
1.8488987666291982e-08
3.93688717549877e-08
1.1940507512254903e-07
6.703454893758422e-09
9.244057661706866e-10
2.9396214942998296e-09
1.3218669416777575e-08
1.0397354441155406e-08
2.9447677320729547e-09
1.1530411643167855e-08
3.1074721214362413e-09
2.9340905279612075e-08
3.1029343018069887e-09
3.4479156240486396e-08
1.098065526520753e-08
9.10030794742301e-08
7.548613208130961e-08
9.174691866766583e-08
4.0880359345191476e-09
5.2923981558182816e-08
2.36553609247673e-08
1.786420957479825e-08
5.272939612515183e-08
3.1750571802604186e-10
6.032326300219663e-08
1.5458169414886346e-08
3.6540704553559286e-08
3.514086690532403e-08
4.752663855941611e-09
1.9627047473802884e-08
5.977134854482171e-08
1.847008881235674e-08
1.4586586844618785e-09
2.095219124730662e-07
9.76767217659522e-08
2.8224566397877627e-08
2.2763417368208568e-08
1.2159851305689217e-07
3.2542486616833014e-08
2.6201981246386508e-08
7.938840645185234e-09
7.654882063924506e-08
1.9943856546499e-07
2.9633531945856425e-08
2.1725759974057444e-08
1.1664946032681e-08
1.3584504833372825e-07
8.932360468548327e-08
2.6588824390991984e-08
3.642389230357046e-08
1.7043485517340948e-08
6.378877155669753e-09
1.974200059083675e-07
2.5319528995148133e-09
1.922060156321101e-08
6.073305778184509e-08
1.0882053032877823e-07
8.93920534515626e-08
7.221946087122857e-08
7.591731834231592e-09
7.29407918980663e-09
3.5130618528022875e-10
4.258720143766119e-09
1.4362071948116568e-08
6.24517025268548e-08
4.050504405246836e-07
2.793909668899323e-07
