-405
-801
-677
-232
-371
-551
-602
-555
-383
-889
-640
-323
-392
-559
-674
-791
-791
-463
-463
-330
-632
-638
-582
-247
-326
-538
-770
-814
-1041
-1067
-320
-921
-430
-380
-69
-69
-481
-171
-352
-348
-536
-657
-750
-750
-456
-320
-361
-381
-535
-535
-569
-759
-428
-452
-339
-253
-226
-378
-378
-785
-785
-364
-406
-224
-1017
-560
-407
-407
-433
-594
-306
-306
-377
-434
-656
-56
-56
-66
-455
-455
-689
-385
-717
-675
-437
-191
-558
-674
-333
-575
-589
-400
-400
-439
-439
-473
-332
-368
-838
-347
-848
-848
-275
-368
-572
-612
-709
-773
-956
-485
-586
-628
-482
-482
-508
-444
-444
-708
-708
-855
-613
-297
-297
-215
-811
-541
-628
-518
-601
-405
-405
-443
-638
-443
-639
-386
-412
-606
-524
-666
-704
-559
-579
-736
-736
-283
-305
-413
-244
-727
-159
-504
-375
-671
-162
-208
-403
-403
-423
-682
-435
-156
-393
-121
-169
-303
-516
-395
-488
-436
-560
-592
-836
-186
-153
-153
-619
-619
-298
-191
-211
-617
-797
-147
-408
-425
-601
-176
-247
-247
-812
-812
-532
-532
-546
-304
-314
-433
-171
-211
-833
-833
-382
-382
-515
-541
-539
-722
-133
-133
-153
-525
-454
-417
-417
-599
-651
-392
-418
-433
-433
-473
-140
-451
-157
-448
-126
-136
-385
-385
-222
-869
-619
-647
-431
-143
-188
-173
-173
-494
-229
-751
-751
-157
-219
-478
-99
-115
-225
-570
-552
-197
-197
-434
-212
-621
-338
-288
-273
-394
-1047
-731
-731
-348
-384
-550
-550
-569
-173
-197
-290
-728
-584
-584
-656
-521
-603
-637
-736
-758
-394
-394
-372
-298
-314
-370
-370
-302
-302
-594
-209
-398
-444
-615
-581
-185
-628
-503
-441
-441
-637
-637
-236
-594
-640
-679
-144
-135
-173
-162
-638
-374
-427
-213
-213
-267
-850
-711
-759
-667
-786
-786
-773
-266
-736
-736
-542
-542
-806
-806
-788
-788
-297
-721
-739
-506
-544
-435
-596
-133
-232
-561
-598
-111
-243
-773
-716
-750
-176
-44
-60
-144
-650
-409
-401
-221
-156
-156
-689
-689
-187
-187
-255
-562
-780
-812
-558
-402
-195
-319
-156
-398
-398
-346
-414
-649
-467
-495
-527
-537
-783
-609
-675
-579
-343
-197
-536
-615
-770
-814
-538
-410
-244
-272
-719
-719
-314
-354
-276
-1206
-682
-546
-374
-507
-152
-152
-541
-569
-172
-147
-543
-543
-384
-553
-553
-424
-446
-388
-280
-215
-179
-231
-231
-724
-749
-134
-156
-569
-587
-809
-413
-709
-365
-365
-497
-826
-469
-559
-559
-296
-407
-425
-425
-730
-601
-1067
-408
-182
-231
-418
-494
-560
-212
-186
-224
-563
-709
-624
-263
-232
-568
-608
-366
-366
-496
-424
-519
-412
-328
-528
-511
-511
-485
-507
-321
-650
-717
-767
-345
-525
-535
-258
-630
-687
-687
-542
-542
-243
-561
-119
-119
-847
-520
-682
-682
-696
-573
-1027
-578
-216
-958
-177
-217
-508
-644
-644
-522
-558
-239
-957
-993
-676
-425
-425
-481
-451
-1010
-1048
-844
-844
-306
-600
-596
-649
-928
-928
-968
-351
-637
-259
-287
-204
-230
-506
-506
-661
-717
-385
-442
-114
-697
-810
-213
-702
-368
-257
-1103
-1137
-269
-850
-850
-876
-765
-793
-416
-452
-207
