-429
-831
-727
-264
-396
-601
-640
-577
-413
-921
-676
-363
-448
-575
-728
-810
-811
-480
-481
-354
-638
-656
-598
-269
-350
-549
-814
-816
-1067
-1087
-346
-961
-452
-408
-96
-97
-521
-195
-372
-369
-574
-705
-773
-774
-480
-347
-381
-395
-568
-569
-601
-761
-452
-460
-381
-271
-240
-403
-404
-804
-805
-406
-408
-246
-1021
-597
-432
-433
-437
-624
-323
-324
-390
-472
-678
-65
-66
-102
-478
-479
-733
-421
-747
-685
-499
-195
-598
-704
-339
-589
-605
-425
-426
-472
-473
-495
-368
-388
-852
-375
-925
-926
-293
-376
-612
-640
-720
-817
-1014
-503
-628
-636
-507
-508
-524
-495
-496
-729
-730
-889
-635
-306
-307
-259
-835
-585
-676
-546
-645
-442
-443
-445
-666
-478
-673
-412
-426
-653
-546
-704
-712
-579
-605
-775
-776
-305
-307
-443
-299
-761
-165
-513
-415
-693
-208
-210
-422
-423
-455
-718
-451
-194
-431
-169
-193
-315
-536
-437
-504
-451
-592
-604
-842
-222
-182
-183
-652
-653
-317
-211
-231
-649
-817
-163
-440
-447
-653
-198
-252
-253
-839
-840
-545
-546
-576
-314
-324
-465
-211
-213
-860
-861
-397
-398
-541
-569
-541
-754
-152
-153
-155
-569
-508
-440
-441
-651
-653
-418
-442
-472
-473
-493
-160
-493
-171
-482
-135
-160
-408
-409
-236
-903
-643
-657
-453
-207
-210
-198
-199
-540
-281
-756
-757
-183
-257
-502
-115
-119
-277
-608
-588
-216
-217
-475
-240
-645
-384
-308
-289
-420
-1083
-782
-783
-384
-396
-573
-574
-593
-196
-207
-310
-732
-597
-598
-661
-553
-637
-647
-758
-780
-405
-406
-406
-314
-316
-403
-404
-319
-320
-612
-227
-444
-456
-655
-585
-221
-632
-529
-476
-477
-678
-679
-262
-626
-652
-711
-154
-173
-177
-176
-652
-410
-449
-228
-229
-285
-878
-759
-767
-675
-815
-816
-801
-320
-739
-740
-575
-576
-821
-822
-823
-824
-320
-739
-751
-544
-588
-481
-634
-162
-234
-573
-632
-135
-253
-777
-750
-766
-202
-57
-96
-150
-669
-435
-427
-251
-175
-176
-710
-711
-222
-223
-267
-598
-812
-828
-584
-422
-213
-347
-174
-419
-420
-414
-416
-669
-495
-499
-536
-551
-803
-631
-693
-613
-365
-233
-558
-661
-814
-842
-580
-413
-271
-300
-754
-755
-354
-362
-298
-1236
-702
-578
-414
-527
-167
-168
-569
-571
-203
-178
-550
-551
-394
-566
-567
-446
-462
-392
-294
-237
-201
-258
-259
-748
-811
-156
-176
-587
-593
-853
-443
-741
-404
-405
-535
-848
-473
-572
-573
-332
-435
-446
-447
-776
-609
-1103
-448
-248
-247
-448
-538
-578
-251
-224
-232
-571
-761
-656
-296
-274
-607
-610
-371
-372
-517
-436
-565
-432
-362
-574
-532
-533
-507
-509
-367
-674
-767
-801
-393
-535
-539
-288
-660
-712
-713
-571
-572
-257
-595
-130
-131
-885
-527
-695
-696
-714
-577
-1063
-630
-260
-982
-217
-237
-536
-659
-660
-558
-562
-261
-993
-1003
-702
-446
-447
-547
-497
-1048
-1062
-853
-854
-326
-624
-634
-684
-967
-968
-970
-371
-664
-287
-291
-230
-232
-527
-528
-717
-729
-433
-470
-146
-727
-819
-273
-734
-422
-290
-1137
-1139
-289
-875
-876
-878
-793
-795
-452
-466
-241
