Jets_raros
                 pt       eta       phi  Constituents  jet_iso_mu_e05
N    id                                                              
162  0    95.123772 -2.326323  1.229183            13             0.0
238  3    26.723120 -0.466406  1.218107            13             0.0
240  0    35.313374  0.283288  0.075373            13             0.0
530  2    39.848591  1.709068 -2.268520            13             0.0
593  2    50.992439  0.178205 -0.163037            13             0.0
678  0    75.892357  1.821040 -2.422593            13             0.0
703  1    42.194061 -1.996075 -2.850032            13             0.0
807  3    29.383278 -0.174791 -2.875486            13             0.0
939  0   108.339806 -1.351653  1.467828            13             0.0
1057 0    86.303116 -0.431279  0.367363            13             0.0
1068 1    40.565834 -1.526452 -2.374951            13             0.0
1270 0    55.944122 -0.245049  0.288371            13             0.0
1433 0    78.488922 -0.253181 -1.885411            13             0.0
1456 2    42.754337  0.192451  2.217248            13             0.0
1594 0   139.787659 -2.568647 -2.987309            13             0.0
1636 0   174.439789 -0.584111 -0.825369            13             0.0
1678 2   106.015038 -0.632135 -1.942504            13             0.0
1723 3    34.732750 -0.731891 -1.450813            13             0.0
1740 1   105.037865 -1.455439 -2.385805            13             0.0
1813 0   150.995621 -1.598097  0.751028            13             0.0
1892 4    29.298830 -0.500667 -2.287463            13             0.0
1901 3    29.968254  1.004470 -3.033547            13             0.0
1921 4    37.932407 -1.059126  0.616132            13             0.0
1956 0   141.655182  0.180872 -1.237689            13             0.0
2234 3    25.574863 -0.063016  1.866554            13             0.0
2491 3    31.078930 -4.502437 -0.941709            13             0.0
2892 1    34.267357 -0.123272  2.551067            13             0.0
2895 1    62.424881 -2.052779 -0.515602            13             0.0
2988 0    73.768082 -1.390320  0.422068            13             0.0
3098 0   220.515060  1.544174 -0.086927            13             0.0
3175 0    64.120277 -0.399980  0.170713            13             0.0
3179 0    59.783203 -0.624958  1.387705            13             0.0
3211 2    37.721706 -2.037596 -1.165750            13             0.0
3447 3    26.165089 -4.565640 -0.438479            13             0.0
3569 1   140.778412  0.976351  1.095427            13             0.0
3920 0    49.020245  1.762093  2.741132            13             0.0
3986 3    38.857349  4.836653 -2.859549            13             0.0
4031 1    27.627357 -0.913971 -2.760512            13             0.0
4212 3    41.053650  1.190968 -0.715919            13             0.0
4328 1    61.139690  0.168147 -1.444609            13             0.0
4454 1    31.651846 -0.372871 -2.548856            13             0.0
4467 1    34.122280  0.929513 -2.078280            13             0.0
4502 0   185.724594 -0.875361 -0.177960            13             0.0
4534 4    29.659630  4.438083  1.895117            13             0.0
4540 2   193.638992 -0.671950  2.473777            13             0.0
4665 4    25.040510 -0.054758 -0.810568            13             0.0
4682 1    34.045925  1.339977 -1.048974            13             0.0
4685 4    28.632278 -0.282071 -2.937128            13             0.0
4908 0    33.683315  1.149515  2.518511            13             0.0
5005 3    26.235769 -2.720299  1.610866            13             0.0
5016 1    79.433266  1.446943  3.073698            13             0.0
5178 1    53.039280  1.305906  0.917973            13             0.0
5270 0    45.983631  1.045380  2.998590            13             0.0
5341 3    67.103630  0.181322  0.850029            13             0.0
5360 1    46.939922 -0.449262 -0.392131            13             0.0
5506 0    81.360886 -0.312201  2.425792            13             0.0
5573 1    40.370907  1.096329  2.593290            13             0.0
5701 0    60.960495  0.866905  1.975413            13             0.0
5929 2    38.783524 -0.158145 -0.414075            13             0.0
5979 2    41.300922 -0.021519 -0.950392            13             0.0
5993 0    74.058563 -1.390601  2.285630            13             0.0
6051 0   110.666649  1.957601  0.825524            13             0.0
6061 1    51.680714  1.703428  2.771879            13             0.0
6132 2    53.747807 -1.034947 -3.089570            13             0.0
6328 0    92.531067  0.133618  2.308753            13             0.0
6430 1    60.687641  0.227106 -0.521050            13             0.0
6800 2    56.074497 -1.765160  1.672488            13             0.0
6878 0    97.992699  0.422362 -2.051970            13             0.0
6952 3    38.608418 -1.465272 -2.227471            13             0.0
6976 2    41.562347  2.045738  0.216287            13             0.0
7011 3    28.579721  0.036064 -1.799014            13             0.0
7176 0   105.800812  0.308847 -2.805456            13             0.0
7231 0    93.703323 -0.245288  0.617253            13             0.0
7234 0   150.898987  1.543638 -0.181019            13             0.0
7554 0   130.640656  0.135258  2.316195            13             0.0
7584 0   124.599663 -2.393727 -0.853773            13             0.0
7864 2    33.582115  1.059981 -2.342503            13             0.0
7964 1    45.780758 -0.665371  2.698774            13             0.0
8059 1    68.453110 -4.532501 -1.877533            13             0.0
8076 0    60.349892 -0.691492  0.425830            13             0.0
8160 1    49.516026 -0.942159  1.256323            13             0.0
8431 3    29.531736 -0.010217 -0.115131            13             0.0
8523 0    94.501724 -1.878338 -0.470784            13             0.0
8563 2   145.431076  0.685779 -0.931887            13             0.0
8614 6    47.989365 -4.427493 -1.116827            13             0.0
8791 2    27.788334 -4.617582  1.367760            13             0.0
8810 2    32.657505  1.233029  1.881003            13             0.0
8968 0    59.960094  2.434223 -2.569420            13             0.0
9124 1    78.727257  0.162358  1.863993            13             0.0
9162 0    77.772774 -0.577404  0.177838            13             0.0
9270 3    28.801704 -2.312746 -1.707811            13             0.0
9395 1    43.053722 -1.946413  2.708628            13             0.0
9428 1    59.200600 -0.317049  3.115960            13             0.0
9769 1    33.974106  2.086905 -2.855132            13             0.0
9786 0   150.145157 -1.003374 -0.594686            13             0.0
